500
105
104
82
42
125
45
72
110
47
1
85
86
114
48
63
68
41
123
55
23
75
23
91
8
66
38
26
63
78
41
110
55
81
69
109
113
96
4
49
76
66
70
95
115
84
74
93
110
86
45
82
68
39
74
37
64
65
71
77
105
83
35
110
62
43
8
60
125
58
86
35
64
29
56
56
72
7
54
100
64
15
23
63
95
44
120
70
56
31
95
15
53
34
107
46
36
0
105
98
102
109
56
35
64
109
76
111
45
46
83
79
82
121
68
36
36
112
84
20
83
89
119
54
0
51
8
97
75
40
50
83
78
22
68
10
112
92
76
19
81
40
121
112
115
10
114
100
115
72
89
114
28
44
43
104
30
14
39
78
6
24
77
52
27
0
29
30
82
64
72
47
23
122
52
59
19
45
43
22
111
64
63
108
14
48
42
104
74
30
48
113
95
42
69
88
24
100
102
21
60
116
59
106
70
6
95
79
68
110
27
55
74
123
92
71
53
78
113
22
99
38
5
33
18
71
8
68
53
106
92
102
107
112
40
105
13
120
75
11
14
53
117
2
6
4
111
16
76
0
0
36
102
115
83
113
111
89
119
60
102
101
93
92
125
58
24
21
57
8
40
67
49
79
80
2
95
25
79
78
50
58
30
4
67
27
45
4
40
111
19
33
13
31
102
36
98
18
21
89
115
101
13
104
93
36
10
9
59
86
11
88
92
103
112
26
8
55
121
41
78
105
37
46
71
112
71
101
13
56
114
78
76
94
18
29
103
2
65
10
6
56
68
38
26
23
88
48
28
29
57
32
57
51
21
112
22
53
94
73
80
99
0
11
24
43
14
6
7
24
105
107
111
78
15
82
5
44
96
4
43
121
77
113
31
124
63
125
68
118
47
124
109
87
120
124
35
119
115
43
111
64
123
12
65
118
29
3
37
26
29
30
122
20
19
33
57
71
85
20
68
90
95
84
38
12
82
116
69
56
103
17
77
111
22
52
12
45
9
97
32
58
106
122
13
24
17
112
61
100
114
9
35
4
61
40
45
34
45
54
114
81
50
117
37
101
111
54
90
119
54
110
91
12
64
73
36
20
11
97
93
92
100
105
68
8
118
82
63
19
91
101
85
26
80
13
21
51
84
40
0
