170496 [number of comparison] 
100185 [number of swap]
-9998
-9995
-9994
-9989
-9987
-9986
-9986
-9985
-9983
-9981
-9974
-9973
-9972
-9971
-9967
-9958
-9958
-9958
-9956
-9956
-9955
-9954
-9954
-9953
-9953
-9946
-9944
-9942
-9933
-9933
-9931
-9929
-9929
-9923
-9919
-9919
-9918
-9918
-9917
-9915
-9915
-9914
-9914
-9912
-9910
-9907
-9907
-9906
-9904
-9899
-9898
-9896
-9893
-9892
-9889
-9889
-9887
-9885
-9882
-9880
-9879
-9876
-9875
-9871
-9870
-9869
-9868
-9864
-9861
-9858
-9855
-9855
-9854
-9852
-9851
-9849
-9849
-9848
-9848
-9846
-9844
-9838
-9837
-9833
-9833
-9832
-9831
-9830
-9830
-9827
-9827
-9827
-9827
-9826
-9823
-9823
-9819
-9816
-9811
-9808
-9806
-9805
-9804
-9799
-9799
-9795
-9792
-9792
-9790
-9789
-9788
-9786
-9786
-9783
-9783
-9782
-9780
-9779
-9778
-9776
-9771
-9768
-9767
-9766
-9765
-9761
-9761
-9761
-9759
-9758
-9757
-9755
-9749
-9746
-9746
-9744
-9744
-9743
-9741
-9740
-9733
-9733
-9731
-9731
-9730
-9728
-9727
-9725
-9724
-9723
-9721
-9719
-9719
-9718
-9711
-9710
-9708
-9708
-9707
-9704
-9702
-9702
-9700
-9698
-9693
-9691
-9686
-9686
-9678
-9673
-9672
-9670
-9669
-9668
-9668
-9667
-9667
-9665
-9665
-9664
-9664
-9663
-9663
-9660
-9659
-9659
-9658
-9658
-9656
-9656
-9654
-9652
-9650
-9650
-9647
-9646
-9643
-9643
-9642
-9642
-9640
-9637
-9635
-9630
-9628
-9624
-9623
-9621
-9620
-9616
-9613
-9611
-9609
-9609
-9609
-9602
-9599
-9599
-9595
-9590
-9585
-9584
-9580
-9580
-9580
-9580
-9579
-9573
-9572
-9572
-9569
-9566
-9565
-9564
-9562
-9561
-9558
-9555
-9555
-9554
-9552
-9552
-9550
-9550
-9549
-9547
-9540
-9531
-9531
-9530
-9528
-9527
-9526
-9524
-9522
-9522
-9517
-9514
-9509
-9505
-9502
-9502
-9500
-9499
-9495
-9493
-9492
-9489
-9488
-9488
-9484
-9482
-9482
-9481
-9480
-9479
-9479
-9470
-9470
-9468
-9468
-9465
-9464
-9453
-9451
-9450
-9449
-9445
-9445
-9436
-9434
-9434
-9434
-9432
-9429
-9424
-9422
-9422
-9420
-9417
-9415
-9413
-9409
-9406
-9400
-9396
-9396
-9394
-9393
-9392
-9391
-9390
-9390
-9387
-9387
-9386
-9386
-9385
-9384
-9383
-9381
-9377
-9377
-9377
-9376
-9373
-9372
-9369
-9368
-9367
-9365
-9361
-9358
-9357
-9356
-9355
-9353
-9346
-9344
-9338
-9338
-9336
-9336
-9335
-9332
-9332
-9330
-9327
-9326
-9323
-9319
-9318
-9316
-9307
-9302
-9298
-9297
-9293
-9291
-9290
-9289
-9289
-9289
-9288
-9287
-9284
-9282
-9282
-9280
-9278
-9278
-9278
-9278
-9275
-9275
-9272
-9269
-9267
-9264
-9264
-9264
-9262
-9260
-9259
-9259
-9258
-9257
-9254
-9252
-9246
-9241
-9240
-9240
-9234
-9231
-9230
-9228
-9227
-9227
-9227
-9225
-9225
-9224
-9223
-9222
-9220
-9218
-9214
-9213
-9212
-9210
-9210
-9208
-9205
-9202
-9201
-9194
-9193
-9190
-9189
-9186
-9185
-9184
-9184
-9180
-9176
-9172
-9172
-9172
-9169
-9168
-9167
-9166
-9165
-9165
-9164
-9163
-9161
-9161
-9160
-9158
-9157
-9157
-9156
-9156
-9151
-9149
-9149
-9147
-9146
-9145
-9139
-9138
-9137
-9135
-9133
-9132
-9132
-9132
-9129
-9125
-9124
-9122
-9120
-9120
-9119
-9119
-9118
-9116
-9114
-9112
-9111
-9110
-9110
-9108
-9107
-9107
-9106
-9096
-9094
-9090
-9087
-9086
-9085
-9081
-9081
-9081
-9077
-9073
-9062
-9061
-9059
-9059
-9058
-9056
-9055
-9054
-9054
-9053
-9052
-9051
-9051
-9046
-9045
-9045
-9044
-9044
-9041
-9034
-9033
-9030
-9028
-9027
-9025
-9024
-9021
-9015
-9014
-9010
-9010
-9009
-9009
-9007
-9007
-9004
-9001
-9000
-9000
-9000
-8998
-8997
-8996
-8993
-8991
-8990
-8984
-8984
-8984
-8979
-8979
-8975
-8974
-8974
-8973
-8969
-8967
-8961
-8961
-8959
-8956
-8953
-8951
-8947
-8946
-8935
-8934
-8934
-8932
-8932
-8932
-8929
-8929
-8927
-8924
-8923
-8921
-8915
-8912
-8912
-8909
-8907
-8907
-8906
-8905
-8902
-8894
-8892
-8892
-8890
-8889
-8889
-8889
-8888
-8886
-8886
-8883
-8880
-8878
-8875
-8873
-8873
-8870
-8868
-8867
-8865
-8859
-8858
-8858
-8853
-8851
-8849
-8847
-8845
-8844
-8839
-8837
-8837
-8837
-8836
-8833
-8831
-8830
-8828
-8828
-8827
-8826
-8826
-8817
-8815
-8814
-8813
-8808
-8807
-8807
-8804
-8804
-8802
-8802
-8802
-8800
-8799
-8797
-8795
-8792
-8791
-8790
-8785
-8785
-8784
-8783
-8783
-8778
-8778
-8777
-8776
-8774
-8768
-8767
-8765
-8762
-8761
-8760
-8759
-8756
-8756
-8754
-8753
-8753
-8751
-8750
-8749
-8746
-8745
-8740
-8739
-8738
-8737
-8736
-8736
-8732
-8731
-8728
-8722
-8721
-8720
-8720
-8719
-8717
-8714
-8712
-8708
-8708
-8706
-8704
-8703
-8701
-8701
-8696
-8696
-8696
-8692
-8690
-8690
-8684
-8683
-8676
-8674
-8673
-8670
-8668
-8668
-8668
-8667
-8663
-8662
-8661
-8661
-8653
-8653
-8652
-8647
-8644
-8643
-8642
-8639
-8639
-8638
-8637
-8636
-8632
-8630
-8629
-8625
-8625
-8625
-8625
-8621
-8620
-8618
-8616
-8615
-8614
-8612
-8611
-8609
-8606
-8605
-8604
-8603
-8598
-8597
-8597
-8596
-8595
-8584
-8584
-8584
-8580
-8576
-8576
-8573
-8571
-8570
-8570
-8568
-8568
-8567
-8566
-8566
-8565
-8565
-8561
-8559
-8559
-8555
-8555
-8553
-8550
-8543
-8543
-8540
-8540
-8539
-8526
-8524
-8524
-8522
-8521
-8517
-8514
-8511
-8510
-8508
-8507
-8505
-8503
-8502
-8501
-8500
-8500
-8500
-8498
-8484
-8483
-8479
-8478
-8478
-8477
-8477
-8476
-8474
-8469
-8459
-8459
-8459
-8459
-8457
-8455
-8454
-8447
-8442
-8439
-8438
-8437
-8434
-8433
-8433
-8431
-8428
-8428
-8426
-8425
-8422
-8422
-8422
-8421
-8419
-8419
-8417
-8412
-8412
-8411
-8409
-8407
-8398
-8395
-8388
-8385
-8384
-8384
-8383
-8382
-8381
-8379
-8377
-8373
-8371
-8371
-8371
-8370
-8370
-8367
-8364
-8361
-8360
-8360
-8359
-8355
-8353
-8351
-8350
-8345
-8343
-8340
-8340
-8335
-8333
-8333
-8332
-8330
-8330
-8324
-8321
-8316
-8315
-8312
-8308
-8308
-8307
-8307
-8307
-8304
-8304
-8302
-8299
-8294
-8293
-8292
-8291
-8288
-8287
-8287
-8286
-8285
-8281
-8280
-8278
-8275
-8273
-8272
-8265
-8265
-8264
-8261
-8260
-8255
-8253
-8251
-8249
-8249
-8248
-8248
-8247
-8245
-8244
-8243
-8243
-8242
-8239
-8238
-8236
-8235
-8235
-8232
-8231
-8228
-8225
-8224
-8224
-8223
-8222
-8220
-8218
-8212
-8209
-8208
-8207
-8207
-8206
-8203
-8199
-8196
-8195
-8194
-8192
-8190
-8190
-8189
-8188
-8187
-8185
-8184
-8181
-8179
-8178
-8178
-8174
-8166
-8164
-8158
-8153
-8151
-8148
-8147
-8147
-8146
-8145
-8145
-8145
-8143
-8140
-8137
-8132
-8129
-8128
-8128
-8126
-8115
-8115
-8110
-8109
-8109
-8101
-8101
-8100
-8100
-8100
-8100
-8096
-8095
-8094
-8093
-8092
-8092
-8090
-8087
-8082
-8082
-8080
-8079
-8079
-8078
-8073
-8070
-8069
-8066
-8060
-8053
-8052
-8051
-8048
-8047
-8047
-8046
-8043
-8042
-8041
-8037
-8037
-8032
-8032
-8031
-8031
-8031
-8021
-8017
-8016
-8009
-8008
-8006
-8006
-7998
-7998
-7996
-7996
-7995
-7994
-7993
-7988
-7988
-7985
-7985
-7985
-7985
-7984
-7983
-7981
-7978
-7977
-7974
-7973
-7973
-7973
-7969
-7968
-7965
-7960
-7959
-7956
-7956
-7954
-7954
-7950
-7950
-7950
-7949
-7948
-7944
-7943
-7943
-7942
-7940
-7940
-7939
-7938
-7937
-7937
-7933
-7928
-7926
-7924
-7923
-7922
-7922
-7917
-7917
-7916
-7915
-7914
-7912
-7912
-7909
-7906
-7903
-7902
-7898
-7897
-7896
-7893
-7886
-7886
-7880
-7877
-7876
-7872
-7872
-7869
-7868
-7867
-7866
-7865
-7865
-7865
-7863
-7861
-7861
-7860
-7859
-7858
-7856
-7855
-7854
-7853
-7852
-7852
-7850
-7847
-7847
-7846
-7845
-7843
-7841
-7841
-7841
-7839
-7839
-7837
-7835
-7834
-7833
-7833
-7828
-7824
-7823
-7822
-7821
-7821
-7817
-7816
-7816
-7813
-7810
-7809
-7808
-7808
-7804
-7799
-7797
-7794
-7793
-7793
-7789
-7788
-7787
-7784
-7783
-7783
-7780
-7779
-7778
-7776
-7775
-7774
-7773
-7772
-7771
-7768
-7767
-7764
-7763
-7762
-7762
-7760
-7759
-7757
-7753
-7752
-7745
-7744
-7741
-7739
-7733
-7730
-7730
-7729
-7728
-7723
-7723
-7722
-7722
-7717
-7713
-7713
-7712
-7711
-7710
-7709
-7707
-7705
-7705
-7704
-7704
-7701
-7700
-7700
-7694
-7692
-7689
-7679
-7679
-7675
-7673
-7672
-7667
-7666
-7664
-7663
-7663
-7662
-7662
-7661
-7661
-7660
-7657
-7657
-7656
-7656
-7653
-7652
-7652
-7644
-7643
-7643
-7643
-7635
-7635
-7632
-7630
-7628
-7625
-7625
-7623
-7616
-7612
-7608
-7606
-7604
-7602
-7598
-7596
-7594
-7593
-7589
-7588
-7587
-7585
-7583
-7580
-7580
-7575
-7572
-7572
-7571
-7569
-7566
-7566
-7566
-7557
-7554
-7554
-7550
-7547
-7543
-7540
-7538
-7538
-7538
-7536
-7536
-7532
-7532
-7532
-7532
-7532
-7531
-7531
-7524
-7517
-7516
-7514
-7512
-7511
-7510
-7509
-7501
-7501
-7500
-7500
-7498
-7498
-7494
-7494
-7493
-7490
-7488
-7486
-7485
-7483
-7481
-7480
-7477
-7476
-7472
-7469
-7465
-7464
-7464
-7463
-7460
-7458
-7457
-7457
-7456
-7456
-7454
-7451
-7450
-7449
-7449
-7448
-7448
-7445
-7443
-7440
-7437
-7435
-7434
-7431
-7430
-7422
-7420
-7420
-7420
-7416
-7415
-7411
-7408
-7403
-7402
-7396
-7395
-7395
-7393
-7392
-7391
-7391
-7390
-7388
-7386
-7385
-7385
-7384
-7382
-7379
-7378
-7377
-7375
-7373
-7371
-7370
-7366
-7366
-7366
-7364
-7363
-7361
-7360
-7356
-7355
-7355
-7354
-7354
-7353
-7353
-7352
-7345
-7344
-7342
-7339
-7334
-7334
-7334
-7322
-7319
-7316
-7316
-7311
-7309
-7305
-7305
-7304
-7304
-7303
-7299
-7295
-7293
-7287
-7286
-7283
-7281
-7279
-7276
-7274
-7273
-7268
-7262
-7261
-7256
-7255
-7254
-7251
-7249
-7247
-7244
-7242
-7240
-7239
-7238
-7236
-7234
-7232
-7225
-7214
-7213
-7212
-7209
-7204
-7204
-7203
-7203
-7202
-7197
-7192
-7190
-7189
-7189
-7181
-7181
-7179
-7178
-7175
-7175
-7175
-7173
-7173
-7169
-7169
-7161
-7159
-7157
-7155
-7154
-7150
-7150
-7148
-7146
-7143
-7136
-7132
-7129
-7126
-7125
-7125
-7121
-7120
-7120
-7120
-7120
-7117
-7116
-7115
-7114
-7113
-7110
-7103
-7102
-7099
-7099
-7094
-7089
-7084
-7078
-7071
-7067
-7065
-7065
-7060
-7053
-7053
-7051
-7048
-7048
-7046
-7044
-7038
-7038
-7031
-7029
-7027
-7017
-7016
-7008
-7007
-7004
-7003
-7001
-7000
-6998
-6992
-6990
-6990
-6989
-6986
-6981
-6980
-6980
-6979
-6979
-6976
-6975
-6975
-6972
-6972
-6972
-6969
-6968
-6964
-6963
-6963
-6962
-6961
-6961
-6961
-6960
-6960
-6958
-6957
-6957
-6955
-6952
-6949
-6947
-6947
-6947
-6945
-6945
-6943
-6943
-6942
-6935
-6933
-6931
-6925
-6918
-6918
-6914
-6913
-6911
-6910
-6910
-6907
-6905
-6905
-6904
-6902
-6901
-6900
-6897
-6897
-6896
-6893
-6887
-6884
-6884
-6880
-6879
-6877
-6874
-6874
-6873
-6872
-6871
-6867
-6860
-6858
-6858
-6857
-6857
-6853
-6853
-6852
-6851
-6848
-6846
-6842
-6842
-6839
-6837
-6836
-6836
-6832
-6827
-6826
-6822
-6820
-6819
-6818
-6816
-6815
-6813
-6813
-6803
-6803
-6800
-6797
-6793
-6793
-6793
-6793
-6791
-6786
-6785
-6784
-6781
-6780
-6779
-6777
-6776
-6775
-6773
-6771
-6770
-6769
-6766
-6765
-6764
-6759
-6756
-6755
-6754
-6752
-6750
-6745
-6737
-6737
-6736
-6735
-6728
-6726
-6724
-6721
-6721
-6719
-6714
-6713
-6712
-6709
-6708
-6707
-6705
-6703
-6703
-6701
-6699
-6698
-6697
-6697
-6695
-6693
-6692
-6690
-6683
-6683
-6683
-6682
-6681
-6676
-6673
-6672
-6670
-6668
-6667
-6666
-6666
-6664
-6661
-6659
-6658
-6656
-6655
-6654
-6652
-6651
-6647
-6637
-6635
-6635
-6630
-6619
-6616
-6614
-6610
-6606
-6603
-6603
-6602
-6602
-6600
-6600
-6598
-6596
-6588
-6587
-6584
-6582
-6580
-6580
-6576
-6563
-6559
-6557
-6556
-6555
-6551
-6551
-6551
-6547
-6545
-6544
-6538
-6537
-6537
-6535
-6529
-6528
-6528
-6524
-6522
-6521
-6521
-6515
-6513
-6512
-6509
-6508
-6493
-6492
-6491
-6490
-6488
-6487
-6482
-6481
-6480
-6477
-6472
-6470
-6469
-6467
-6466
-6465
-6465
-6460
-6457
-6456
-6455
-6455
-6454
-6451
-6447
-6444
-6441
-6436
-6436
-6435
-6435
-6434
-6434
-6430
-6422
-6421
-6420
-6420
-6420
-6419
-6416
-6414
-6411
-6407
-6406
-6404
-6403
-6402
-6401
-6400
-6397
-6395
-6392
-6392
-6381
-6379
-6379
-6379
-6378
-6377
-6377
-6376
-6370
-6369
-6369
-6368
-6367
-6366
-6365
-6365
-6364
-6363
-6360
-6359
-6351
-6351
-6351
-6350
-6347
-6347
-6346
-6345
-6340
-6339
-6337
-6336
-6333
-6332
-6330
-6321
-6321
-6314
-6314
-6309
-6309
-6308
-6307
-6306
-6306
-6304
-6303
-6293
-6292
-6291
-6290
-6289
-6286
-6283
-6282
-6281
-6280
-6280
-6277
-6277
-6273
-6270
-6267
-6266
-6260
-6259
-6259
-6259
-6258
-6253
-6252
-6251
-6249
-6249
-6246
-6244
-6243
-6242
-6242
-6241
-6238
-6236
-6233
-6232
-6230
-6230
-6220
-6217
-6217
-6216
-6211
-6211
-6208
-6207
-6206
-6206
-6205
-6205
-6203
-6197
-6196
-6192
-6192
-6189
-6188
-6184
-6182
-6182
-6182
-6181
-6180
-6178
-6173
-6170
-6166
-6164
-6163
-6159
-6155
-6154
-6151
-6151
-6149
-6145
-6144
-6136
-6135
-6135
-6131
-6130
-6129
-6127
-6126
-6126
-6126
-6124
-6122
-6120
-6119
-6119
-6119
-6115
-6113
-6108
-6105
-6096
-6095
-6092
-6092
-6089
-6087
-6081
-6077
-6077
-6075
-6070
-6068
-6065
-6059
-6055
-6054
-6053
-6042
-6039
-6038
-6035
-6030
-6026
-6025
-6024
-6019
-6017
-6015
-6014
-6010
-6010
-6000
-5994
-5993
-5991
-5986
-5984
-5981
-5978
-5974
-5973
-5970
-5969
-5969
-5966
-5965
-5963
-5961
-5953
-5950
-5949
-5947
-5943
-5941
-5940
-5934
-5934
-5933
-5933
-5925
-5925
-5925
-5920
-5913
-5911
-5908
-5907
-5906
-5905
-5903
-5901
-5900
-5900
-5898
-5898
-5893
-5892
-5891
-5889
-5889
-5888
-5885
-5881
-5880
-5877
-5875
-5874
-5872
-5869
-5868
-5867
-5866
-5860
-5859
-5853
-5849
-5847
-5846
-5840
-5839
-5839
-5838
-5832
-5827
-5826
-5825
-5821
-5820
-5817
-5815
-5801
-5801
-5796
-5780
-5778
-5778
-5777
-5776
-5774
-5774
-5768
-5760
-5759
-5756
-5755
-5754
-5752
-5750
-5745
-5745
-5745
-5745
-5743
-5743
-5743
-5742
-5738
-5736
-5725
-5724
-5723
-5719
-5718
-5718
-5716
-5714
-5713
-5713
-5711
-5710
-5709
-5709
-5706
-5705
-5704
-5700
-5694
-5690
-5688
-5688
-5687
-5686
-5684
-5684
-5678
-5676
-5675
-5675
-5674
-5674
-5671
-5670
-5651
-5650
-5646
-5640
-5639
-5638
-5637
-5635
-5634
-5627
-5621
-5621
-5620
-5620
-5619
-5618
-5617
-5614
-5612
-5610
-5602
-5602
-5601
-5596
-5596
-5595
-5592
-5591
-5590
-5587
-5583
-5581
-5580
-5579
-5579
-5578
-5576
-5576
-5572
-5569
-5565
-5564
-5563
-5563
-5563
-5562
-5561
-5561
-5560
-5560
-5555
-5554
-5552
-5545
-5542
-5537
-5537
-5535
-5535
-5533
-5532
-5529
-5528
-5525
-5524
-5524
-5519
-5519
-5519
-5515
-5513
-5512
-5512
-5508
-5508
-5506
-5504
-5504
-5502
-5502
-5500
-5500
-5499
-5496
-5496
-5495
-5495
-5486
-5486
-5484
-5481
-5478
-5477
-5475
-5474
-5472
-5469
-5463
-5462
-5458
-5458
-5456
-5456
-5446
-5444
-5442
-5441
-5439
-5439
-5436
-5436
-5431
-5431
-5431
-5431
-5431
-5426
-5426
-5425
-5423
-5421
-5420
-5420
-5420
-5415
-5411
-5407
-5407
-5406
-5397
-5391
-5390
-5389
-5388
-5382
-5381
-5381
-5370
-5369
-5368
-5367
-5366
-5362
-5361
-5360
-5352
-5352
-5350
-5350
-5349
-5347
-5344
-5344
-5342
-5341
-5340
-5333
-5330
-5330
-5329
-5326
-5324
-5323
-5322
-5322
-5320
-5317
-5309
-5306
-5304
-5302
-5302
-5302
-5301
-5298
-5295
-5294
-5294
-5292
-5283
-5283
-5282
-5280
-5280
-5280
-5277
-5276
-5274
-5273
-5269
-5269
-5268
-5267
-5263
-5256
-5256
-5256
-5256
-5255
-5251
-5249
-5248
-5248
-5247
-5246
-5246
-5241
-5241
-5239
-5235
-5235
-5232
-5228
-5225
-5222
-5220
-5219
-5218
-5216
-5214
-5212
-5211
-5209
-5209
-5206
-5201
-5200
-5199
-5197
-5197
-5194
-5192
-5191
-5191
-5188
-5183
-5183
-5182
-5181
-5180
-5178
-5176
-5175
-5174
-5171
-5166
-5165
-5159
-5156
-5156
-5155
-5154
-5152
-5151
-5147
-5147
-5146
-5146
-5146
-5146
-5145
-5143
-5142
-5140
-5138
-5137
-5134
-5131
-5129
-5128
-5127
-5127
-5124
-5124
-5122
-5120
-5118
-5115
-5113
-5110
-5109
-5103
-5101
-5095
-5094
-5086
-5081
-5081
-5081
-5079
-5075
-5075
-5072
-5071
-5064
-5063
-5062
-5061
-5061
-5060
-5060
-5060
-5059
-5058
-5054
-5051
-5049
-5047
-5047
-5040
-5039
-5037
-5036
-5036
-5031
-5031
-5031
-5027
-5027
-5025
-5024
-5024
-5023
-5023
-5018
-5018
-5016
-5016
-5014
-5013
-5009
-5008
-5004
-4995
-4993
-4991
-4988
-4987
-4986
-4982
-4981
-4977
-4972
-4971
-4968
-4967
-4967
-4966
-4962
-4958
-4957
-4957
-4955
-4953
-4950
-4944
-4943
-4942
-4942
-4940
-4934
-4929
-4926
-4920
-4919
-4916
-4915
-4909
-4905
-4899
-4897
-4897
-4897
-4896
-4896
-4895
-4895
-4895
-4893
-4889
-4889
-4889
-4888
-4887
-4886
-4884
-4877
-4876
-4875
-4872
-4872
-4872
-4858
-4848
-4845
-4841
-4837
-4832
-4827
-4827
-4827
-4825
-4823
-4821
-4821
-4814
-4812
-4808
-4807
-4805
-4801
-4799
-4797
-4791
-4790
-4789
-4788
-4788
-4785
-4784
-4780
-4778
-4778
-4777
-4776
-4776
-4772
-4772
-4770
-4766
-4766
-4765
-4762
-4762
-4759
-4756
-4755
-4753
-4749
-4746
-4743
-4743
-4742
-4740
-4740
-4739
-4733
-4733
-4730
-4727
-4718
-4716
-4715
-4713
-4713
-4709
-4708
-4706
-4702
-4701
-4701
-4698
-4698
-4697
-4696
-4695
-4688
-4688
-4680
-4671
-4669
-4665
-4663
-4662
-4662
-4657
-4656
-4655
-4653
-4653
-4653
-4652
-4651
-4651
-4650
-4648
-4647
-4647
-4646
-4642
-4642
-4642
-4639
-4638
-4638
-4637
-4637
-4634
-4634
-4634
-4633
-4633
-4632
-4627
-4621
-4620
-4616
-4615
-4608
-4606
-4606
-4603
-4603
-4603
-4602
-4594
-4593
-4589
-4586
-4585
-4583
-4582
-4582
-4581
-4579
-4578
-4578
-4576
-4568
-4567
-4560
-4560
-4559
-4557
-4555
-4553
-4551
-4551
-4548
-4546
-4541
-4540
-4537
-4536
-4535
-4535
-4531
-4530
-4527
-4525
-4524
-4524
-4523
-4521
-4516
-4514
-4514
-4513
-4511
-4509
-4509
-4508
-4505
-4505
-4504
-4499
-4497
-4494
-4493
-4491
-4489
-4488
-4488
-4487
-4471
-4469
-4466
-4466
-4461
-4456
-4453
-4441
-4439
-4435
-4429
-4427
-4425
-4422
-4421
-4419
-4416
-4415
-4410
-4410
-4410
-4406
-4403
-4402
-4402
-4401
-4397
-4395
-4392
-4392
-4389
-4389
-4385
-4382
-4380
-4380
-4378
-4375
-4375
-4373
-4373
-4372
-4370
-4367
-4365
-4363
-4362
-4360
-4360
-4359
-4359
-4357
-4356
-4354
-4352
-4348
-4347
-4346
-4346
-4345
-4344
-4341
-4341
-4337
-4335
-4333
-4332
-4330
-4328
-4328
-4323
-4319
-4318
-4314
-4314
-4313
-4312
-4308
-4308
-4307
-4307
-4304
-4303
-4301
-4297
-4296
-4293
-4292
-4292
-4290
-4289
-4285
-4282
-4280
-4280
-4279
-4279
-4277
-4274
-4269
-4269
-4265
-4264
-4260
-4259
-4259
-4257
-4254
-4252
-4248
-4244
-4243
-4241
-4241
-4241
-4238
-4237
-4235
-4232
-4232
-4229
-4224
-4222
-4221
-4220
-4220
-4220
-4219
-4218
-4216
-4214
-4214
-4210
-4210
-4210
-4208
-4206
-4204
-4201
-4196
-4196
-4190
-4189
-4184
-4183
-4183
-4183
-4183
-4181
-4179
-4175
-4166
-4163
-4157
-4157
-4155
-4153
-4151
-4150
-4149
-4146
-4141
-4138
-4134
-4134
-4132
-4129
-4128
-4125
-4125
-4120
-4119
-4119
-4115
-4114
-4111
-4107
-4106
-4105
-4104
-4102
-4100
-4099
-4096
-4091
-4091
-4087
-4087
-4084
-4084
-4083
-4082
-4078
-4071
-4068
-4066
-4065
-4062
-4061
-4061
-4058
-4058
-4054
-4054
-4053
-4053
-4052
-4048
-4048
-4046
-4043
-4042
-4041
-4041
-4036
-4032
-4028
-4028
-4026
-4023
-4022
-4020
-4020
-4017
-4015
-4012
-4007
-4007
-4006
-4004
-4004
-4001
-4001
-3999
-3999
-3996
-3994
-3993
-3991
-3990
-3989
-3988
-3986
-3983
-3982
-3981
-3979
-3978
-3978
-3977
-3971
-3968
-3968
-3960
-3960
-3959
-3958
-3957
-3957
-3953
-3950
-3948
-3945
-3942
-3941
-3941
-3940
-3938
-3935
-3931
-3928
-3927
-3925
-3925
-3924
-3924
-3922
-3920
-3915
-3913
-3913
-3911
-3909
-3906
-3906
-3898
-3897
-3892
-3892
-3889
-3888
-3885
-3885
-3883
-3883
-3882
-3880
-3874
-3872
-3872
-3872
-3869
-3867
-3866
-3864
-3860
-3859
-3854
-3854
-3851
-3846
-3845
-3844
-3842
-3839
-3837
-3836
-3836
-3834
-3831
-3830
-3829
-3824
-3823
-3822
-3821
-3821
-3821
-3820
-3816
-3811
-3810
-3809
-3809
-3808
-3806
-3806
-3805
-3803
-3801
-3800
-3800
-3799
-3799
-3796
-3796
-3796
-3795
-3794
-3793
-3787
-3786
-3785
-3785
-3784
-3784
-3784
-3779
-3779
-3779
-3778
-3777
-3774
-3765
-3763
-3760
-3760
-3759
-3759
-3753
-3750
-3749
-3749
-3746
-3744
-3737
-3737
-3736
-3736
-3733
-3732
-3728
-3727
-3726
-3726
-3726
-3722
-3720
-3718
-3717
-3714
-3713
-3709
-3708
-3706
-3706
-3704
-3703
-3702
-3702
-3697
-3697
-3697
-3696
-3695
-3693
-3693
-3691
-3686
-3685
-3682
-3681
-3677
-3677
-3677
-3675
-3667
-3667
-3660
-3656
-3656
-3655
-3650
-3650
-3650
-3649
-3645
-3641
-3635
-3633
-3633
-3630
-3629
-3628
-3627
-3625
-3625
-3624
-3623
-3623
-3618
-3617
-3616
-3614
-3613
-3613
-3613
-3610
-3609
-3604
-3603
-3603
-3602
-3602
-3601
-3597
-3594
-3592
-3591
-3589
-3589
-3588
-3588
-3588
-3584
-3581
-3579
-3574
-3574
-3569
-3565
-3564
-3563
-3561
-3560
-3559
-3553
-3551
-3548
-3546
-3546
-3545
-3544
-3542
-3541
-3539
-3538
-3538
-3533
-3532
-3525
-3513
-3512
-3509
-3505
-3504
-3502
-3500
-3496
-3494
-3492
-3492
-3490
-3486
-3484
-3483
-3477
-3476
-3471
-3471
-3469
-3469
-3468
-3468
-3468
-3468
-3468
-3467
-3467
-3466
-3460
-3459
-3456
-3453
-3448
-3445
-3444
-3440
-3438
-3438
-3438
-3437
-3432
-3432
-3432
-3430
-3429
-3426
-3426
-3424
-3422
-3418
-3418
-3414
-3414
-3412
-3411
-3410
-3407
-3407
-3406
-3405
-3405
-3404
-3403
-3402
-3401
-3401
-3400
-3397
-3395
-3394
-3393
-3392
-3390
-3390
-3385
-3385
-3383
-3383
-3382
-3380
-3379
-3379
-3378
-3377
-3376
-3376
-3375
-3372
-3369
-3366
-3365
-3365
-3361
-3359
-3358
-3358
-3355
-3354
-3350
-3349
-3348
-3347
-3345
-3344
-3342
-3342
-3339
-3339
-3339
-3338
-3338
-3337
-3337
-3337
-3336
-3336
-3334
-3332
-3331
-3329
-3326
-3326
-3324
-3324
-3322
-3318
-3318
-3317
-3316
-3315
-3313
-3313
-3313
-3312
-3311
-3309
-3306
-3305
-3305
-3301
-3301
-3299
-3291
-3290
-3288
-3285
-3285
-3278
-3274
-3272
-3271
-3268
-3267
-3266
-3264
-3263
-3262
-3259
-3257
-3254
-3252
-3249
-3248
-3245
-3242
-3237
-3236
-3235
-3233
-3232
-3227
-3224
-3222
-3222
-3218
-3218
-3215
-3214
-3210
-3208
-3205
-3204
-3203
-3203
-3198
-3197
-3195
-3195
-3194
-3191
-3190
-3190
-3188
-3188
-3187
-3186
-3182
-3181
-3180
-3177
-3176
-3174
-3171
-3171
-3168
-3167
-3162
-3162
-3161
-3160
-3155
-3152
-3145
-3139
-3135
-3135
-3135
-3134
-3134
-3132
-3132
-3130
-3129
-3124
-3123
-3119
-3116
-3112
-3111
-3110
-3107
-3106
-3101
-3101
-3099
-3097
-3095
-3092
-3092
-3090
-3089
-3083
-3083
-3082
-3081
-3078
-3076
-3073
-3072
-3072
-3066
-3063
-3062
-3062
-3060
-3058
-3056
-3053
-3051
-3048
-3046
-3042
-3042
-3039
-3038
-3037
-3037
-3035
-3034
-3029
-3028
-3027
-3027
-3027
-3022
-3021
-3021
-3018
-3016
-3014
-3013
-3010
-3010
-3010
-3009
-3006
-3002
-3001
-3001
-3000
-2998
-2997
-2996
-2995
-2991
-2985
-2983
-2979
-2977
-2975
-2974
-2974
-2973
-2972
-2969
-2968
-2963
-2961
-2956
-2954
-2952
-2947
-2945
-2945
-2942
-2942
-2939
-2938
-2937
-2937
-2936
-2930
-2926
-2925
-2921
-2921
-2919
-2915
-2908
-2905
-2903
-2902
-2897
-2893
-2892
-2891
-2888
-2888
-2887
-2887
-2886
-2879
-2877
-2870
-2869
-2868
-2868
-2867
-2863
-2862
-2860
-2859
-2859
-2858
-2857
-2856
-2854
-2853
-2851
-2850
-2848
-2848
-2846
-2845
-2845
-2844
-2840
-2837
-2836
-2835
-2833
-2833
-2822
-2822
-2822
-2818
-2817
-2816
-2814
-2805
-2804
-2803
-2803
-2802
-2800
-2800
-2799
-2796
-2791
-2790
-2788
-2788
-2783
-2781
-2780
-2779
-2778
-2777
-2773
-2771
-2770
-2766
-2762
-2759
-2753
-2752
-2752
-2752
-2752
-2749
-2749
-2745
-2743
-2740
-2740
-2739
-2737
-2733
-2732
-2730
-2729
-2726
-2724
-2724
-2722
-2718
-2718
-2718
-2717
-2716
-2715
-2714
-2709
-2703
-2702
-2702
-2700
-2698
-2691
-2689
-2686
-2684
-2683
-2683
-2681
-2680
-2679
-2675
-2674
-2671
-2669
-2668
-2668
-2666
-2664
-2662
-2661
-2658
-2657
-2655
-2654
-2653
-2652
-2652
-2651
-2648
-2648
-2644
-2635
-2634
-2632
-2628
-2627
-2626
-2624
-2624
-2624
-2623
-2623
-2620
-2619
-2619
-2617
-2613
-2600
-2592
-2592
-2591
-2586
-2578
-2577
-2575
-2573
-2571
-2570
-2568
-2566
-2566
-2565
-2565
-2564
-2563
-2559
-2556
-2553
-2547
-2544
-2543
-2541
-2537
-2536
-2535
-2534
-2533
-2531
-2531
-2531
-2525
-2523
-2521
-2521
-2520
-2519
-2518
-2518
-2514
-2514
-2513
-2511
-2509
-2505
-2501
-2497
-2495
-2494
-2490
-2487
-2478
-2477
-2477
-2477
-2476
-2466
-2465
-2465
-2465
-2464
-2459
-2459
-2457
-2452
-2450
-2450
-2450
-2450
-2446
-2446
-2443
-2442
-2441
-2441
-2440
-2439
-2436
-2434
-2433
-2433
-2433
-2421
-2415
-2412
-2411
-2410
-2405
-2401
-2398
-2397
-2396
-2391
-2391
-2391
-2390
-2386
-2383
-2382
-2380
-2377
-2372
-2372
-2371
-2371
-2366
-2365
-2364
-2363
-2362
-2361
-2359
-2359
-2358
-2357
-2355
-2350
-2347
-2343
-2343
-2342
-2339
-2336
-2333
-2328
-2325
-2324
-2322
-2320
-2319
-2318
-2316
-2315
-2310
-2305
-2301
-2301
-2298
-2297
-2296
-2294
-2293
-2292
-2290
-2287
-2285
-2284
-2284
-2283
-2282
-2279
-2277
-2276
-2276
-2275
-2270
-2267
-2267
-2264
-2258
-2258
-2254
-2254
-2253
-2252
-2251
-2247
-2243
-2242
-2238
-2235
-2234
-2233
-2233
-2231
-2229
-2226
-2220
-2219
-2217
-2217
-2210
-2210
-2209
-2208
-2208
-2206
-2196
-2193
-2191
-2190
-2189
-2188
-2188
-2187
-2186
-2186
-2184
-2183
-2179
-2173
-2172
-2170
-2168
-2166
-2165
-2165
-2164
-2162
-2158
-2158
-2154
-2154
-2149
-2146
-2142
-2141
-2140
-2139
-2136
-2133
-2133
-2132
-2131
-2131
-2129
-2128
-2126
-2126
-2126
-2125
-2124
-2124
-2123
-2122
-2121
-2119
-2119
-2116
-2116
-2116
-2115
-2113
-2113
-2110
-2109
-2109
-2107
-2104
-2103
-2100
-2099
-2097
-2095
-2094
-2093
-2092
-2091
-2090
-2090
-2089
-2089
-2089
-2087
-2084
-2083
-2079
-2079
-2078
-2077
-2072
-2071
-2071
-2070
-2069
-2067
-2066
-2065
-2065
-2064
-2062
-2060
-2058
-2054
-2050
-2048
-2045
-2043
-2041
-2040
-2039
-2038
-2038
-2035
-2034
-2033
-2033
-2032
-2029
-2029
-2026
-2025
-2024
-2022
-2022
-2019
-2018
-2017
-2015
-2015
-2015
-2014
-2014
-2013
-2012
-2008
-2007
-2006
-2004
-2001
-1998
-1997
-1995
-1995
-1991
-1989
-1988
-1988
-1985
-1984
-1984
-1983
-1982
-1980
-1980
-1975
-1975
-1973
-1968
-1967
-1960
-1958
-1958
-1954
-1951
-1951
-1943
-1942
-1942
-1941
-1940
-1938
-1938
-1937
-1936
-1935
-1933
-1932
-1929
-1929
-1929
-1929
-1929
-1927
-1924
-1923
-1923
-1921
-1915
-1915
-1908
-1907
-1905
-1904
-1904
-1903
-1900
-1900
-1899
-1897
-1892
-1891
-1887
-1886
-1884
-1883
-1883
-1882
-1882
-1881
-1879
-1875
-1874
-1870
-1869
-1868
-1867
-1865
-1861
-1860
-1857
-1852
-1852
-1850
-1849
-1846
-1845
-1844
-1843
-1842
-1841
-1839
-1838
-1838
-1836
-1832
-1831
-1829
-1829
-1828
-1828
-1823
-1821
-1820
-1819
-1819
-1818
-1816
-1816
-1812
-1812
-1812
-1808
-1808
-1807
-1805
-1802
-1801
-1799
-1791
-1791
-1787
-1783
-1782
-1781
-1780
-1777
-1776
-1776
-1773
-1772
-1771
-1767
-1766
-1766
-1765
-1763
-1763
-1761
-1760
-1758
-1757
-1756
-1753
-1752
-1749
-1747
-1747
-1746
-1745
-1742
-1740
-1739
-1739
-1729
-1728
-1728
-1727
-1724
-1723
-1723
-1721
-1720
-1719
-1717
-1715
-1714
-1713
-1710
-1709
-1709
-1706
-1706
-1705
-1704
-1702
-1698
-1697
-1696
-1695
-1694
-1693
-1693
-1693
-1690
-1685
-1684
-1682
-1682
-1680
-1679
-1679
-1670
-1669
-1669
-1668
-1667
-1666
-1666
-1658
-1656
-1655
-1644
-1641
-1639
-1637
-1630
-1630
-1627
-1624
-1621
-1618
-1617
-1615
-1611
-1610
-1610
-1609
-1597
-1593
-1592
-1591
-1591
-1586
-1585
-1583
-1582
-1581
-1579
-1575
-1573
-1570
-1568
-1566
-1565
-1565
-1564
-1564
-1561
-1560
-1559
-1559
-1552
-1550
-1547
-1547
-1546
-1545
-1530
-1527
-1526
-1524
-1523
-1523
-1522
-1521
-1516
-1516
-1509
-1503
-1503
-1497
-1491
-1491
-1488
-1481
-1480
-1479
-1478
-1474
-1473
-1472
-1469
-1467
-1466
-1464
-1457
-1454
-1454
-1453
-1451
-1451
-1451
-1446
-1443
-1430
-1425
-1424
-1424
-1419
-1419
-1419
-1419
-1419
-1419
-1417
-1416
-1416
-1413
-1412
-1411
-1409
-1408
-1403
-1402
-1400
-1400
-1400
-1399
-1397
-1397
-1395
-1393
-1390
-1389
-1388
-1384
-1383
-1382
-1381
-1381
-1380
-1376
-1369
-1368
-1363
-1358
-1357
-1357
-1356
-1350
-1349
-1349
-1348
-1348
-1348
-1346
-1345
-1345
-1344
-1342
-1341
-1339
-1339
-1339
-1334
-1333
-1329
-1329
-1328
-1327
-1326
-1325
-1324
-1321
-1321
-1320
-1318
-1318
-1311
-1308
-1303
-1302
-1301
-1301
-1298
-1297
-1297
-1296
-1294
-1292
-1291
-1287
-1286
-1286
-1285
-1285
-1284
-1283
-1282
-1269
-1268
-1268
-1264
-1258
-1258
-1255
-1254
-1253
-1253
-1250
-1250
-1249
-1248
-1247
-1242
-1239
-1239
-1238
-1238
-1238
-1233
-1233
-1233
-1233
-1229
-1228
-1228
-1227
-1222
-1221
-1219
-1218
-1218
-1213
-1210
-1208
-1200
-1195
-1192
-1190
-1185
-1173
-1171
-1168
-1168
-1167
-1166
-1166
-1166
-1163
-1161
-1161
-1157
-1155
-1151
-1150
-1147
-1144
-1141
-1140
-1138
-1138
-1136
-1135
-1128
-1127
-1126
-1123
-1121
-1120
-1120
-1119
-1116
-1116
-1114
-1113
-1112
-1109
-1108
-1106
-1106
-1103
-1103
-1101
-1100
-1099
-1097
-1097
-1095
-1093
-1091
-1087
-1083
-1083
-1083
-1081
-1081
-1080
-1080
-1078
-1076
-1076
-1072
-1067
-1067
-1063
-1063
-1061
-1058
-1057
-1056
-1051
-1050
-1049
-1043
-1039
-1037
-1032
-1031
-1030
-1027
-1025
-1024
-1022
-1021
-1020
-1019
-1018
-1017
-1015
-1014
-1013
-1011
-1010
-1009
-1008
-1007
-1003
-1003
-1001
-1001
-997
-996
-995
-994
-994
-989
-988
-987
-987
-987
-981
-975
-972
-972
-971
-970
-970
-969
-969
-964
-964
-963
-962
-962
-961
-959
-958
-956
-956
-955
-955
-947
-944
-943
-943
-942
-941
-935
-933
-930
-922
-920
-919
-917
-915
-913
-911
-909
-909
-907
-906
-905
-904
-900
-898
-897
-896
-889
-887
-882
-879
-878
-878
-877
-874
-872
-871
-869
-868
-867
-867
-864
-861
-861
-859
-857
-857
-856
-855
-852
-851
-850
-846
-843
-843
-841
-840
-840
-837
-833
-830
-828
-828
-827
-826
-821
-818
-818
-816
-816
-814
-812
-810
-809
-809
-808
-808
-807
-806
-803
-801
-799
-799
-796
-795
-795
-794
-794
-794
-793
-793
-791
-789
-789
-787
-786
-785
-785
-784
-784
-783
-782
-781
-777
-776
-776
-773
-773
-772
-766
-763
-761
-759
-757
-756
-755
-753
-753
-752
-751
-749
-746
-745
-743
-742
-741
-741
-741
-739
-739
-737
-737
-736
-733
-732
-732
-731
-730
-727
-724
-722
-718
-718
-715
-712
-710
-710
-707
-707
-704
-700
-699
-699
-694
-689
-688
-686
-684
-682
-675
-674
-674
-671
-671
-668
-664
-664
-657
-656
-656
-653
-650
-649
-649
-643
-642
-642
-642
-635
-635
-635
-631
-630
-627
-626
-626
-625
-624
-624
-623
-623
-621
-614
-609
-603
-602
-599
-597
-594
-594
-593
-591
-588
-587
-583
-582
-582
-582
-579
-574
-574
-574
-572
-568
-568
-566
-564
-564
-563
-561
-557
-556
-552
-552
-549
-547
-547
-540
-539
-539
-536
-536
-535
-534
-533
-530
-527
-525
-524
-522
-521
-517
-514
-513
-512
-512
-506
-505
-504
-501
-499
-499
-498
-496
-495
-492
-492
-486
-485
-481
-479
-477
-474
-473
-472
-472
-472
-471
-469
-468
-468
-468
-464
-463
-462
-460
-459
-458
-454
-453
-453
-452
-451
-450
-447
-435
-430
-430
-429
-429
-428
-425
-424
-420
-419
-419
-418
-415
-414
-411
-408
-407
-406
-401
-399
-395
-391
-391
-389
-389
-387
-386
-385
-384
-380
-375
-375
-373
-366
-366
-365
-365
-364
-363
-358
-355
-355
-355
-353
-343
-341
-338
-338
-336
-328
-315
-314
-312
-312
-310
-309
-306
-306
-301
-299
-297
-297
-295
-295
-293
-292
-289
-286
-284
-283
-281
-280
-280
-278
-277
-275
-271
-265
-263
-262
-261
-260
-259
-259
-254
-251
-251
-248
-246
-243
-241
-241
-239
-239
-237
-236
-236
-234
-233
-232
-229
-229
-228
-227
-226
-226
-225
-225
-224
-223
-223
-223
-220
-217
-214
-208
-206
-206
-203
-201
-195
-195
-193
-190
-190
-188
-188
-186
-185
-185
-185
-184
-183
-183
-183
-180
-180
-176
-175
-174
-173
-173
-171
-167
-166
-160
-153
-150
-147
-142
-142
-141
-137
-137
-135
-135
-134
-132
-130
-130
-127
-126
-126
-119
-118
-118
-117
-115
-111
-105
-103
-102
-102
-101
-98
-97
-96
-96
-94
-92
-91
-91
-88
-82
-82
-81
-80
-78
-72
-66
-60
-56
-55
-51
-51
-47
-46
-42
-42
-40
-39
-38
-37
-35
-31
-29
-28
-26
-20
-16
-12
-8
-2
-1
-1
0
1
1
2
3
4
6
6
9
14
14
18
20
23
24
27
31
31
38
40
40
40
43
45
47
48
49
49
55
55
57
66
67
69
70
74
78
80
83
84
84
87
87
88
88
90
99
100
102
104
105
107
108
109
112
112
114
115
116
121
121
122
124
130
131
133
133
141
143
148
153
154
158
158
161
163
164
165
169
169
171
171
173
178
179
180
183
186
189
189
194
197
197
199
200
201
201
203
204
208
208
208
209
216
216
220
221
224
227
228
231
231
232
233
233
234
234
235
236
238
239
242
242
243
249
250
251
252
253
254
255
257
261
261
262
262
263
263
266
269
269
270
274
275
277
278
282
285
286
287
289
295
300
305
305
316
324
326
328
331
332
335
340
341
342
342
344
345
350
356
356
359
362
362
364
366
367
368
368
370
383
384
388
389
390
390
391
392
396
396
397
398
399
401
401
402
403
406
408
410
410
411
416
416
419
419
420
423
426
427
434
435
437
438
438
439
441
441
441
442
442
445
445
447
450
453
454
457
457
460
465
467
470
471
474
475
475
477
478
482
484
485
486
489
490
492
494
495
496
496
496
499
500
501
501
502
503
503
508
509
510
513
515
516
517
517
519
520
522
524
524
525
533
535
535
535
536
536
538
540
541
541
543
544
547
551
551
554
555
556
561
562
564
566
568
572
576
578
582
584
586
588
589
591
591
592
595
595
599
602
603
607
607
607
608
610
610
613
613
614
615
616
616
617
618
621
624
625
625
626
627
630
631
633
634
642
644
645
646
648
655
662
662
663
664
667
668
671
672
679
682
682
687
691
692
694
694
695
695
698
699
701
705
710
711
712
713
717
719
723
729
731
731
733
734
734
734
736
737
738
739
739
740
740
744
745
748
750
750
752
753
757
760
760
763
766
767
768
769
769
774
774
776
776
777
778
783
790
792
792
800
801
803
803
807
813
813
814
814
815
819
819
821
822
824
826
829
829
829
831
832
834
836
838
838
838
838
838
838
839
843
844
844
846
850
851
852
853
855
855
856
864
865
867
868
868
869
871
872
873
873
875
876
882
885
889
890
895
895
896
904
907
908
909
912
915
922
923
924
924
927
927
928
931
938
950
951
951
954
954
955
956
960
961
962
965
967
970
971
974
974
976
982
982
985
986
986
987
989
990
990
991
992
997
999
1001
1005
1011
1024
1027
1027
1029
1032
1033
1035
1035
1036
1037
1038
1040
1045
1045
1048
1048
1051
1053
1060
1062
1064
1068
1068
1073
1074
1081
1088
1090
1094
1095
1096
1099
1101
1105
1109
1109
1112
1112
1117
1118
1118
1120
1122
1123
1126
1126
1127
1129
1129
1129
1130
1130
1132
1134
1136
1137
1142
1143
1145
1148
1152
1154
1156
1164
1164
1166
1170
1170
1178
1185
1186
1186
1191
1192
1197
1201
1204
1207
1209
1210
1211
1211
1212
1212
1213
1214
1216
1220
1227
1229
1232
1233
1234
1240
1244
1246
1246
1247
1247
1253
1255
1257
1259
1261
1261
1263
1263
1264
1266
1275
1277
1282
1282
1284
1284
1290
1295
1295
1296
1299
1303
1305
1309
1310
1315
1319
1320
1321
1322
1325
1327
1331
1333
1334
1334
1336
1340
1347
1348
1351
1353
1355
1355
1356
1357
1359
1360
1360
1364
1364
1364
1369
1370
1373
1377
1377
1381
1383
1384
1384
1384
1387
1391
1392
1395
1396
1398
1399
1400
1400
1403
1404
1405
1410
1411
1413
1414
1414
1417
1418
1419
1421
1424
1432
1436
1437
1442
1445
1450
1451
1452
1456
1456
1462
1471
1471
1473
1474
1475
1475
1477
1477
1478
1481
1482
1484
1484
1489
1490
1490
1490
1491
1492
1493
1494
1498
1500
1501
1501
1503
1505
1507
1508
1510
1511
1511
1515
1516
1517
1518
1522
1523
1523
1524
1525
1525
1526
1529
1529
1541
1541
1544
1546
1547
1548
1548
1553
1557
1559
1559
1561
1563
1563
1564
1571
1572
1576
1577
1579
1580
1583
1584
1585
1585
1594
1595
1597
1598
1599
1600
1601
1601
1602
1603
1603
1606
1609
1609
1610
1612
1616
1616
1620
1621
1623
1625
1627
1629
1631
1633
1633
1633
1634
1635
1640
1640
1647
1647
1648
1649
1650
1656
1660
1661
1664
1664
1669
1670
1672
1679
1679
1682
1684
1686
1687
1692
1693
1693
1695
1697
1699
1699
1702
1705
1716
1717
1717
1721
1723
1726
1729
1729
1729
1730
1733
1734
1737
1739
1741
1742
1743
1744
1745
1746
1750
1753
1754
1755
1756
1757
1757
1760
1767
1767
1774
1776
1776
1776
1778
1778
1779
1780
1780
1781
1781
1782
1783
1784
1785
1785
1788
1791
1791
1792
1792
1794
1800
1801
1805
1805
1808
1809
1810
1812
1812
1815
1822
1822
1825
1831
1832
1834
1836
1836
1837
1841
1844
1845
1846
1849
1849
1850
1851
1852
1852
1855
1855
1858
1863
1866
1866
1866
1868
1869
1870
1870
1871
1871
1874
1876
1876
1878
1882
1885
1888
1888
1889
1890
1891
1896
1898
1898
1898
1902
1903
1904
1904
1905
1908
1910
1914
1918
1919
1919
1920
1921
1922
1922
1922
1923
1926
1932
1932
1932
1935
1938
1938
1943
1944
1944
1944
1945
1953
1957
1959
1960
1963
1965
1972
1973
1974
1978
1978
1981
1982
1983
1983
1984
1985
1987
1989
1996
1997
1999
1999
2007
2007
2008
2008
2008
2008
2010
2010
2010
2013
2013
2017
2018
2018
2022
2023
2023
2030
2031
2031
2033
2035
2038
2038
2040
2044
2048
2049
2049
2052
2052
2057
2058
2060
2061
2069
2069
2073
2086
2092
2093
2094
2094
2095
2099
2101
2104
2105
2110
2114
2115
2122
2123
2123
2123
2124
2125
2126
2128
2129
2130
2131
2134
2139
2144
2144
2150
2151
2152
2153
2154
2156
2157
2159
2159
2161
2162
2164
2168
2169
2170
2171
2171
2182
2182
2183
2184
2184
2185
2189
2191
2191
2196
2197
2197
2200
2206
2206
2207
2213
2214
2214
2215
2216
2221
2224
2224
2229
2229
2231
2232
2234
2242
2242
2247
2253
2253
2255
2260
2262
2264
2264
2267
2276
2282
2284
2288
2291
2292
2292
2293
2293
2294
2296
2298
2300
2301
2302
2303
2305
2307
2309
2311
2311
2313
2314
2314
2317
2320
2320
2322
2323
2325
2330
2333
2333
2337
2344
2348
2348
2349
2352
2356
2364
2366
2366
2371
2377
2381
2381
2386
2386
2386
2388
2389
2390
2391
2391
2393
2394
2396
2397
2399
2400
2406
2407
2407
2409
2411
2412
2413
2420
2423
2428
2434
2436
2437
2439
2441
2442
2443
2445
2446
2446
2448
2451
2452
2454
2455
2456
2458
2462
2462
2465
2465
2466
2469
2477
2477
2478
2481
2482
2483
2485
2487
2488
2491
2491
2491
2492
2492
2493
2494
2494
2494
2496
2500
2502
2505
2508
2509
2509
2511
2511
2511
2513
2514
2514
2515
2518
2518
2520
2522
2524
2528
2530
2532
2534
2534
2536
2540
2547
2547
2550
2551
2553
2554
2554
2559
2560
2560
2560
2566
2566
2566
2567
2568
2569
2574
2578
2581
2581
2582
2592
2592
2592
2594
2596
2596
2596
2599
2599
2604
2606
2606
2607
2608
2609
2613
2614
2615
2615
2616
2616
2616
2617
2618
2619
2623
2625
2625
2627
2628
2631
2636
2638
2638
2638
2640
2645
2646
2648
2650
2650
2658
2661
2664
2664
2664
2668
2669
2669
2674
2676
2677
2678
2679
2688
2689
2690
2694
2698
2701
2701
2705
2708
2709
2713
2715
2715
2718
2719
2722
2722
2723
2723
2725
2729
2731
2731
2732
2734
2736
2737
2738
2738
2740
2742
2747
2747
2750
2754
2758
2758
2761
2767
2768
2769
2771
2771
2772
2773
2774
2777
2781
2782
2785
2789
2791
2792
2792
2792
2793
2795
2796
2798
2799
2801
2801
2806
2810
2810
2812
2816
2820
2827
2830
2833
2835
2841
2841
2842
2843
2843
2844
2844
2845
2848
2851
2853
2854
2865
2868
2868
2872
2876
2876
2877
2880
2881
2883
2884
2884
2886
2887
2892
2897
2897
2899
2900
2902
2903
2904
2905
2907
2910
2910
2914
2916
2916
2916
2918
2918
2919
2921
2925
2927
2928
2928
2928
2930
2934
2934
2934
2935
2936
2941
2942
2943
2945
2949
2954
2954
2956
2957
2958
2959
2959
2960
2961
2966
2969
2970
2971
2971
2979
2983
2983
2986
2987
2989
2990
2991
2991
2993
2994
2996
2997
2997
3000
3000
3001
3002
3004
3009
3013
3021
3022
3024
3024
3024
3027
3028
3028
3030
3032
3032
3039
3041
3041
3042
3043
3043
3045
3051
3051
3052
3053
3055
3056
3056
3058
3058
3060
3066
3067
3068
3069
3070
3072
3072
3077
3078
3083
3084
3089
3092
3093
3099
3102
3102
3105
3105
3108
3109
3111
3114
3115
3117
3125
3126
3129
3129
3133
3134
3137
3139
3139
3140
3140
3142
3144
3145
3147
3149
3149
3152
3155
3157
3157
3165
3167
3167
3168
3169
3170
3173
3176
3176
3180
3180
3180
3184
3185
3185
3189
3190
3191
3191
3199
3200
3205
3206
3210
3211
3215
3220
3221
3226
3227
3230
3240
3241
3244
3246
3249
3252
3254
3258
3258
3262
3262
3263
3264
3266
3268
3270
3272
3272
3274
3277
3278
3280
3281
3282
3286
3287
3289
3290
3291
3297
3304
3304
3305
3305
3306
3306
3306
3307
3308
3309
3313
3314
3314
3316
3319
3320
3320
3320
3321
3326
3326
3330
3332
3333
3334
3342
3346
3347
3349
3352
3360
3361
3361
3362
3362
3364
3364
3366
3367
3368
3370
3371
3371
3371
3371
3371
3373
3373
3373
3374
3376
3379
3382
3382
3389
3393
3395
3396
3398
3399
3399
3403
3406
3406
3408
3410
3412
3413
3414
3415
3415
3416
3417
3423
3423
3425
3426
3428
3429
3429
3436
3438
3438
3443
3445
3445
3447
3447
3448
3455
3456
3456
3456
3457
3458
3462
3465
3466
3467
3474
3475
3482
3482
3483
3483
3483
3485
3487
3490
3495
3496
3497
3499
3501
3501
3503
3504
3508
3514
3515
3515
3517
3518
3518
3519
3520
3521
3522
3522
3523
3526
3527
3529
3531
3536
3537
3539
3539
3540
3543
3548
3548
3549
3551
3556
3556
3557
3558
3559
3559
3561
3562
3566
3568
3571
3577
3579
3581
3582
3584
3590
3591
3591
3596
3596
3597
3600
3603
3605
3606
3606
3611
3614
3614
3620
3621
3622
3625
3625
3626
3629
3632
3634
3635
3637
3639
3641
3642
3646
3653
3653
3659
3663
3663
3664
3666
3666
3667
3674
3674
3681
3686
3686
3694
3694
3696
3714
3715
3716
3716
3718
3718
3721
3722
3728
3732
3734
3734
3737
3738
3738
3738
3740
3740
3742
3747
3747
3751
3753
3760
3764
3768
3769
3771
3771
3773
3778
3785
3785
3788
3790
3790
3797
3798
3802
3802
3804
3811
3816
3817
3817
3824
3824
3831
3835
3837
3837
3839
3839
3840
3840
3843
3844
3845
3849
3849
3852
3853
3853
3853
3856
3858
3858
3862
3863
3868
3869
3871
3871
3872
3876
3878
3878
3878
3884
3887
3893
3897
3899
3900
3902
3902
3902
3904
3912
3913
3914
3916
3917
3918
3920
3920
3921
3923
3924
3926
3927
3934
3935
3935
3938
3947
3948
3949
3950
3956
3956
3957
3959
3960
3962
3963
3963
3971
3974
3976
3978
3979
3984
3984
3985
3986
3987
3988
3989
3990
3992
3994
3995
3996
3997
3999
4000
4002
4005
4006
4008
4009
4014
4015
4015
4015
4017
4017
4018
4021
4023
4024
4024
4025
4036
4038
4042
4043
4046
4048
4049
4050
4050
4054
4055
4056
4058
4058
4058
4059
4061
4065
4067
4069
4071
4071
4074
4074
4077
4078
4081
4082
4092
4093
4096
4100
4100
4102
4103
4103
4103
4104
4105
4105
4110
4114
4115
4117
4118
4129
4130
4131
4134
4136
4138
4140
4141
4145
4145
4146
4147
4148
4153
4153
4155
4157
4159
4165
4165
4168
4169
4171
4173
4178
4186
4187
4189
4192
4195
4195
4196
4198
4199
4200
4204
4206
4208
4209
4210
4211
4213
4214
4217
4220
4221
4221
4222
4222
4222
4223
4224
4226
4233
4236
4237
4239
4240
4240
4242
4247
4250
4251
4252
4256
4257
4257
4257
4259
4261
4262
4265
4265
4265
4270
4270
4270
4272
4273
4275
4276
4278
4284
4289
4294
4295
4296
4296
4297
4298
4299
4303
4303
4304
4308
4308
4314
4322
4322
4325
4326
4327
4328
4339
4339
4341
4342
4344
4347
4347
4347
4348
4348
4353
4356
4369
4371
4371
4373
4375
4376
4376
4377
4377
4379
4380
4382
4393
4397
4398
4400
4400
4405
4405
4406
4408
4410
4411
4412
4422
4422
4423
4425
4425
4426
4427
4430
4431
4431
4437
4437
4439
4440
4441
4442
4445
4446
4447
4450
4452
4453
4455
4458
4458
4458
4461
4471
4476
4477
4479
4479
4480
4482
4483
4484
4484
4485
4486
4487
4488
4489
4489
4491
4493
4499
4500
4500
4501
4503
4505
4505
4506
4506
4507
4509
4510
4510
4513
4515
4516
4517
4518
4519
4520
4521
4522
4524
4524
4526
4529
4530
4537
4539
4545
4546
4547
4548
4550
4553
4557
4557
4558
4558
4561
4561
4564
4565
4567
4568
4569
4570
4576
4579
4579
4581
4583
4584
4584
4586
4587
4588
4588
4589
4590
4592
4594
4596
4597
4602
4606
4607
4608
4612
4614
4619
4621
4623
4623
4623
4626
4626
4627
4628
4629
4632
4635
4637
4637
4639
4639
4640
4643
4656
4658
4659
4661
4663
4663
4665
4672
4672
4680
4680
4681
4682
4682
4685
4687
4687
4688
4688
4691
4693
4693
4695
4695
4700
4704
4709
4710
4713
4713
4715
4718
4719
4720
4722
4727
4730
4731
4731
4731
4733
4735
4736
4737
4738
4740
4741
4745
4747
4749
4749
4750
4753
4754
4754
4755
4755
4756
4756
4757
4760
4760
4763
4764
4767
4771
4773
4774
4775
4775
4778
4778
4782
4787
4789
4790
4796
4797
4801
4804
4805
4806
4810
4810
4811
4816
4818
4818
4819
4820
4821
4824
4825
4825
4825
4825
4826
4827
4829
4838
4840
4840
4843
4844
4845
4847
4849
4851
4854
4859
4860
4863
4864
4865
4867
4875
4876
4876
4877
4879
4882
4884
4885
4886
4886
4889
4895
4896
4896
4897
4898
4900
4900
4903
4912
4915
4915
4916
4917
4918
4919
4919
4924
4927
4928
4929
4931
4932
4936
4936
4938
4940
4943
4943
4944
4948
4950
4957
4959
4964
4967
4967
4973
4974
4975
4975
4977
4978
4980
4980
4981
4981
4982
4985
4990
4990
4991
4994
4995
4995
4996
4998
4998
4999
4999
5000
5000
5004
5005
5006
5006
5007
5008
5009
5010
5011
5013
5013
5014
5015
5016
5017
5020
5026
5028
5028
5045
5046
5046
5046
5046
5048
5048
5049
5050
5058
5066
5066
5067
5068
5070
5077
5078
5078
5078
5081
5084
5086
5088
5088
5089
5090
5091
5096
5097
5099
5100
5101
5102
5103
5105
5107
5108
5111
5121
5122
5122
5122
5126
5128
5132
5133
5134
5135
5138
5140
5143
5143
5144
5145
5145
5146
5149
5156
5157
5160
5162
5164
5165
5165
5168
5169
5169
5171
5172
5173
5178
5179
5180
5181
5181
5183
5190
5190
5191
5192
5193
5193
5197
5197
5198
5204
5206
5209
5217
5219
5222
5224
5225
5228
5229
5229
5233
5236
5238
5241
5242
5246
5247
5247
5248
5253
5253
5257
5257
5260
5262
5262
5263
5264
5265
5266
5267
5272
5284
5286
5286
5290
5292
5295
5296
5297
5298
5298
5298
5302
5305
5305
5308
5311
5312
5313
5314
5314
5317
5321
5321
5322
5323
5325
5326
5327
5328
5333
5335
5337
5338
5340
5341
5346
5346
5346
5347
5350
5351
5351
5352
5355
5355
5361
5361
5365
5368
5370
5372
5376
5378
5379
5381
5385
5386
5387
5388
5393
5394
5395
5395
5396
5397
5398
5400
5401
5401
5402
5403
5404
5404
5405
5405
5406
5407
5408
5411
5412
5413
5414
5414
5415
5417
5417
5420
5427
5429
5429
5429
5429
5432
5432
5439
5440
5444
5446
5447
5448
5449
5450
5452
5455
5456
5461
5461
5462
5463
5465
5467
5471
5471
5471
5473
5479
5482
5485
5485
5485
5486
5487
5488
5490
5491
5493
5494
5495
5498
5502
5502
5503
5503
5503
5504
5510
5510
5512
5513
5515
5517
5517
5521
5524
5524
5532
5534
5536
5536
5539
5541
5548
5548
5552
5552
5555
5556
5558
5559
5560
5562
5563
5564
5568
5573
5576
5583
5587
5591
5591
5591
5592
5593
5595
5603
5604
5604
5610
5610
5611
5611
5613
5613
5619
5620
5624
5625
5627
5628
5631
5631
5634
5637
5638
5639
5642
5642
5642
5643
5644
5646
5648
5648
5648
5650
5651
5651
5653
5661
5662
5663
5668
5669
5670
5675
5677
5679
5679
5681
5681
5686
5689
5689
5690
5695
5704
5708
5708
5709
5710
5716
5717
5718
5718
5721
5725
5727
5731
5731
5733
5734
5734
5739
5741
5741
5741
5745
5745
5749
5750
5751
5753
5756
5756
5762
5764
5770
5772
5774
5775
5779
5780
5781
5783
5783
5798
5800
5800
5801
5802
5805
5805
5806
5810
5812
5816
5816
5823
5828
5829
5830
5831
5831
5840
5841
5841
5842
5843
5843
5846
5847
5849
5849
5853
5854
5861
5863
5864
5865
5873
5875
5877
5878
5879
5880
5883
5883
5884
5887
5887
5888
5891
5892
5892
5897
5899
5902
5904
5905
5908
5910
5917
5919
5919
5921
5921
5921
5923
5925
5927
5927
5929
5930
5932
5933
5934
5936
5937
5942
5943
5951
5952
5952
5954
5956
5956
5959
5959
5962
5966
5966
5969
5970
5973
5974
5976
5977
5979
5980
5982
5983
5985
5986
5986
5988
6001
6002
6004
6005
6009
6010
6011
6014
6016
6020
6024
6025
6027
6034
6036
6037
6039
6040
6047
6047
6048
6048
6048
6048
6049
6050
6053
6054
6054
6055
6055
6056
6060
6068
6068
6069
6069
6069
6074
6076
6076
6078
6094
6099
6103
6104
6104
6106
6107
6108
6110
6113
6115
6117
6120
6122
6123
6126
6135
6139
6139
6142
6144
6147
6152
6152
6155
6158
6158
6158
6158
6162
6164
6165
6166
6168
6168
6168
6175
6175
6175
6179
6180
6180
6182
6184
6186
6187
6191
6194
6196
6207
6210
6215
6220
6223
6226
6229
6231
6233
6234
6235
6238
6240
6248
6250
6257
6258
6259
6261
6262
6266
6268
6269
6272
6274
6275
6278
6281
6283
6284
6284
6284
6286
6288
6288
6291
6291
6292
6293
6294
6295
6295
6295
6296
6298
6299
6300
6306
6306
6307
6309
6316
6318
6318
6323
6325
6326
6328
6329
6331
6331
6333
6334
6335
6335
6339
6343
6344
6345
6347
6348
6350
6350
6353
6358
6361
6363
6365
6366
6368
6368
6372
6372
6372
6373
6373
6377
6380
6383
6383
6388
6389
6389
6392
6393
6400
6406
6407
6408
6409
6410
6414
6415
6417
6420
6424
6424
6425
6426
6426
6427
6428
6429
6433
6436
6436
6437
6440
6441
6441
6441
6442
6448
6451
6452
6455
6455
6457
6457
6465
6469
6470
6470
6471
6475
6476
6478
6478
6481
6486
6488
6489
6489
6490
6493
6495
6498
6498
6499
6501
6501
6507
6508
6509
6517
6518
6519
6521
6523
6525
6525
6530
6534
6537
6541
6546
6547
6548
6555
6555
6559
6559
6565
6567
6567
6568
6570
6571
6572
6581
6582
6585
6586
6587
6589
6590
6593
6594
6594
6595
6599
6603
6603
6603
6608
6608
6609
6609
6614
6617
6618
6619
6619
6619
6620
6621
6624
6630
6630
6632
6635
6638
6642
6643
6647
6652
6656
6658
6659
6660
6673
6675
6677
6682
6684
6686
6688
6689
6689
6692
6696
6700
6700
6701
6702
6703
6704
6705
6710
6710
6710
6710
6715
6715
6716
6717
6722
6723
6723
6725
6727
6728
6730
6730
6734
6735
6741
6745
6749
6751
6751
6752
6753
6754
6755
6756
6756
6758
6758
6758
6760
6762
6771
6771
6772
6772
6774
6776
6776
6779
6784
6784
6785
6785
6785
6787
6787
6790
6793
6798
6799
6799
6802
6804
6809
6810
6811
6812
6813
6814
6820
6821
6822
6822
6825
6826
6826
6827
6827
6833
6835
6840
6842
6844
6846
6847
6851
6856
6856
6856
6860
6868
6870
6875
6875
6875
6876
6882
6890
6892
6903
6917
6918
6921
6921
6922
6927
6933
6933
6938
6939
6939
6939
6940
6943
6943
6944
6944
6946
6948
6950
6952
6952
6954
6955
6956
6958
6958
6961
6965
6966
6972
6977
6978
6981
6986
6991
6996
6998
7000
7000
7001
7001
7003
7004
7005
7006
7022
7032
7032
7032
7033
7033
7035
7039
7041
7041
7042
7046
7048
7051
7052
7053
7053
7053
7059
7060
7060
7061
7061
7066
7071
7073
7074
7074
7074
7081
7082
7088
7089
7089
7096
7099
7099
7100
7109
7112
7115
7116
7118
7120
7124
7125
7126
7127
7130
7131
7132
7135
7136
7141
7142
7145
7146
7146
7152
7157
7158
7160
7162
7167
7167
7171
7173
7176
7179
7180
7182
7184
7187
7188
7197
7198
7200
7200
7201
7206
7207
7207
7208
7208
7209
7210
7211
7213
7215
7218
7219
7222
7223
7224
7225
7226
7229
7231
7233
7234
7235
7236
7237
7240
7242
7243
7246
7252
7252
7256
7259
7262
7262
7264
7266
7269
7280
7281
7282
7285
7286
7287
7287
7288
7291
7292
7299
7299
7301
7303
7317
7318
7323
7327
7327
7328
7329
7331
7332
7332
7332
7336
7340
7343
7345
7346
7346
7347
7350
7357
7358
7359
7362
7363
7367
7368
7372
7372
7373
7374
7382
7382
7384
7385
7385
7399
7401
7404
7407
7407
7408
7413
7414
7417
7421
7425
7430
7431
7436
7438
7439
7440
7441
7445
7446
7450
7453
7459
7460
7462
7463
7463
7464
7469
7472
7476
7479
7481
7482
7486
7488
7491
7494
7497
7504
7505
7506
7511
7515
7516
7518
7518
7519
7520
7521
7521
7522
7523
7525
7526
7529
7529
7530
7531
7534
7535
7535
7535
7535
7538
7540
7543
7545
7546
7551
7552
7553
7554
7555
7556
7559
7560
7562
7562
7562
7562
7563
7564
7565
7567
7572
7574
7577
7578
7578
7580
7586
7586
7590
7590
7591
7591
7595
7599
7601
7602
7604
7605
7605
7610
7611
7612
7614
7623
7627
7631
7631
7632
7632
7633
7639
7639
7640
7641
7642
7645
7646
7649
7654
7655
7656
7656
7657
7662
7663
7663
7665
7666
7666
7667
7668
7671
7676
7676
7678
7678
7680
7680
7681
7681
7685
7689
7689
7695
7695
7697
7700
7701
7701
7701
7703
7705
7706
7707
7709
7709
7710
7711
7712
7716
7716
7716
7717
7717
7724
7732
7733
7736
7740
7741
7744
7747
7752
7753
7753
7755
7757
7758
7759
7762
7767
7769
7770
7771
7777
7778
7778
7778
7780
7784
7785
7786
7786
7790
7793
7795
7797
7797
7797
7797
7798
7802
7802
7803
7805
7805
7808
7809
7810
7811
7814
7815
7816
7818
7819
7825
7825
7828
7835
7838
7839
7842
7843
7846
7847
7851
7853
7854
7855
7859
7862
7863
7863
7864
7866
7867
7868
7871
7872
7877
7878
7880
7884
7886
7887
7887
7891
7892
7892
7893
7897
7899
7901
7903
7904
7908
7909
7914
7920
7923
7928
7933
7936
7939
7939
7942
7942
7946
7946
7950
7952
7953
7955
7957
7958
7958
7959
7960
7961
7964
7969
7971
7973
7977
7984
7984
7984
7986
7988
7988
7988
7989
7989
7990
7990
7992
7994
7996
8001
8002
8003
8004
8004
8006
8008
8010
8011
8015
8016
8016
8019
8019
8019
8020
8021
8022
8022
8024
8028
8029
8031
8034
8035
8036
8036
8038
8041
8043
8044
8045
8046
8047
8051
8053
8054
8055
8055
8061
8062
8064
8065
8066
8066
8071
8075
8075
8080
8081
8082
8086
8089
8090
8097
8097
8102
8105
8106
8108
8108
8108
8109
8110
8110
8114
8114
8117
8117
8118
8119
8123
8123
8125
8125
8126
8129
8130
8133
8135
8138
8139
8145
8147
8147
8149
8150
8156
8156
8157
8158
8159
8163
8168
8169
8169
8170
8171
8174
8176
8177
8178
8182
8182
8182
8184
8184
8184
8187
8193
8197
8198
8198
8198
8199
8203
8210
8212
8212
8215
8215
8215
8217
8218
8218
8221
8228
8232
8233
8239
8242
8244
8245
8246
8247
8249
8256
8259
8260
8262
8262
8263
8265
8272
8273
8277
8277
8277
8282
8283
8283
8288
8292
8292
8296
8297
8298
8300
8301
8301
8302
8304
8305
8307
8308
8311
8321
8322
8323
8326
8329
8330
8332
8336
8337
8340
8340
8340
8340
8343
8343
8343
8346
8348
8348
8349
8352
8353
8354
8355
8358
8359
8364
8365
8365
8365
8366
8368
8373
8375
8378
8382
8385
8387
8388
8389
8390
8394
8396
8396
8402
8402
8405
8408
8409
8409
8409
8411
8412
8412
8412
8413
8414
8414
8419
8420
8425
8425
8428
8428
8429
8435
8437
8437
8440
8440
8441
8443
8446
8448
8452
8459
8460
8461
8464
8464
8465
8466
8472
8476
8477
8479
8481
8488
8493
8493
8494
8499
8504
8504
8504
8505
8509
8510
8511
8516
8517
8517
8519
8519
8521
8522
8526
8529
8530
8532
8533
8537
8539
8539
8543
8552
8552
8554
8559
8559
8560
8561
8561
8561
8563
8565
8567
8568
8568
8570
8571
8571
8575
8577
8579
8580
8591
8592
8592
8593
8593
8594
8595
8596
8597
8597
8599
8605
8607
8609
8611
8611
8613
8614
8614
8616
8617
8622
8622
8630
8630
8631
8635
8635
8637
8637
8638
8640
8640
8641
8641
8645
8645
8647
8648
8648
8652
8654
8659
8659
8662
8662
8663
8663
8668
8671
8671
8672
8672
8680
8687
8687
8689
8690
8690
8695
8698
8700
8701
8701
8702
8703
8703
8706
8708
8712
8714
8718
8719
8723
8727
8730
8735
8738
8743
8744
8745
8745
8748
8750
8751
8752
8754
8757
8761
8761
8761
8765
8767
8769
8769
8774
8778
8779
8781
8783
8784
8784
8784
8785
8787
8790
8792
8792
8794
8798
8799
8807
8808
8808
8809
8811
8812
8812
8813
8814
8819
8821
8823
8825
8827
8827
8827
8828
8829
8830
8833
8833
8836
8837
8840
8841
8841
8842
8842
8846
8850
8851
8852
8856
8857
8858
8859
8861
8866
8867
8872
8881
8882
8883
8884
8886
8886
8887
8888
8894
8900
8900
8912
8921
8923
8924
8925
8930
8930
8931
8932
8936
8936
8937
8939
8939
8939
8940
8941
8941
8948
8949
8949
8950
8951
8956
8957
8958
8958
8960
8961
8963
8965
8966
8967
8968
8973
8974
8975
8975
8982
8983
8986
8986
8990
8991
8991
8992
8996
8996
8997
9000
9002
9003
9005
9007
9012
9012
9013
9013
9015
9018
9018
9021
9024
9024
9031
9031
9036
9037
9048
9048
9055
9055
9056
9058
9059
9059
9063
9069
9069
9069
9070
9070
9071
9072
9072
9074
9081
9085
9085
9087
9087
9096
9097
9098
9099
9101
9107
9112
9112
9112
9114
9116
9119
9121
9121
9125
9125
9127
9127
9127
9131
9131
9133
9133
9138
9138
9142
9144
9151
9154
9157
9161
9163
9165
9167
9167
9171
9171
9173
9176
9177
9178
9181
9183
9184
9184
9189
9193
9196
9199
9201
9205
9206
9207
9207
9208
9209
9211
9213
9215
9215
9219
9219
9223
9223
9226
9227
9237
9238
9248
9249
9250
9250
9252
9252
9259
9260
9260
9270
9271
9271
9277
9280
9281
9283
9284
9285
9285
9287
9296
9300
9306
9308
9310
9310
9313
9314
9315
9317
9318
9320
9321
9323
9324
9327
9328
9328
9337
9337
9342
9345
9345
9350
9352
9352
9354
9354
9355
9358
9359
9360
9364
9364
9366
9369
9371
9374
9375
9375
9376
9377
9377
9379
9386
9389
9389
9390
9390
9393
9395
9396
9400
9401
9403
9404
9405
9407
9408
9409
9410
9411
9411
9415
9415
9418
9421
9422
9422
9422
9426
9426
9427
9427
9429
9430
9432
9435
9437
9439
9440
9443
9444
9444
9445
9445
9446
9448
9449
9450
9452
9453
9454
9466
9468
9469
9470
9472
9473
9476
9479
9481
9481
9484
9487
9487
9489
9489
9489
9492
9493
9499
9499
9503
9510
9515
9517
9520
9521
9526
9530
9534
9536
9537
9538
9543
9543
9547
9548
9551
9553
9553
9553
9554
9555
9556
9559
9561
9562
9562
9565
9566
9567
9567
9569
9570
9571
9573
9575
9576
9581
9587
9587
9587
9596
9597
9599
9602
9602
9604
9607
9609
9611
9612
9612
9613
9623
9625
9626
9626
9626
9627
9632
9632
9636
9638
9638
9640
9646
9646
9649
9652
9660
9661
9663
9669
9674
9679
9684
9687
9687
9690
9692
9696
9697
9698
9700
9702
9704
9705
9708
9709
9711
9712
9713
9715
9715
9716
9721
9721
9721
9721
9722
9722
9722
9725
9726
9727
9728
9729
9730
9734
9735
9736
9737
9739
9740
9741
9742
9742
9743
9743
9744
9749
9750
9750
9755
9758
9760
9760
9761
9763
9763
9766
9766
9768
9769
9775
9775
9776
9777
9778
9789
9789
9798
9799
9799
9800
9801
9801
9802
9805
9805
9807
9807
9817
9817
9818
9822
9829
9831
9831
9832
9833
9834
9836
9837
9838
9842
9842
9847
9848
9851
9859
9860
9863
9868
9870
9870
9871
9872
9872
9873
9874
9878
9880
9884
9885
9885
9885
9888
9890
9892
9892
9898
9899
9901
9903
9904
9905
9907
9909
9911
9918
9920
9924
9930
9932
9932
9938
9939
9940
9941
9944
9944
9948
9950
9952
9955
9957
9958
9964
9964
9972
9973
9973
9973
9974
9974
9977
9978
9979
9982
9985
9986
9987
9987
9988
9997
9998
9999
