11549 [number of comparison] 
7069 [number of swap]
-1000
-1000
-995
-994
-991
-991
-986
-982
-980
-979
-976
-975
-974
-972
-971
-968
-968
-967
-961
-957
-954
-953
-953
-953
-953
-951
-951
-951
-947
-946
-943
-940
-940
-937
-932
-931
-929
-927
-926
-924
-924
-910
-910
-909
-909
-907
-907
-906
-903
-902
-900
-900
-893
-892
-891
-891
-891
-882
-876
-872
-870
-869
-867
-864
-863
-862
-860
-859
-858
-858
-854
-854
-852
-849
-847
-847
-841
-836
-834
-830
-825
-819
-817
-814
-809
-806
-804
-803
-802
-801
-800
-798
-798
-792
-792
-791
-789
-787
-787
-784
-784
-783
-779
-779
-777
-777
-772
-769
-769
-766
-766
-765
-765
-761
-761
-759
-758
-756
-754
-752
-750
-750
-750
-749
-748
-748
-745
-742
-741
-741
-736
-733
-733
-732
-731
-729
-727
-725
-723
-722
-722
-721
-720
-719
-718
-709
-707
-706
-706
-701
-700
-699
-699
-688
-687
-685
-685
-684
-682
-681
-680
-677
-676
-675
-674
-674
-673
-673
-673
-671
-671
-671
-670
-669
-668
-667
-663
-662
-662
-661
-660
-659
-658
-653
-650
-649
-645
-643
-643
-643
-642
-642
-640
-640
-640
-639
-636
-636
-635
-633
-632
-631
-628
-628
-627
-625
-625
-624
-621
-621
-621
-615
-615
-614
-611
-608
-604
-604
-600
-598
-594
-592
-591
-591
-590
-586
-586
-583
-582
-580
-576
-574
-569
-563
-547
-545
-544
-543
-541
-541
-539
-538
-529
-529
-529
-527
-524
-524
-522
-521
-518
-517
-516
-514
-513
-513
-512
-511
-511
-511
-511
-508
-506
-506
-501
-499
-499
-498
-497
-496
-489
-486
-486
-486
-485
-484
-483
-483
-483
-479
-478
-477
-473
-472
-469
-469
-468
-468
-465
-464
-454
-454
-453
-450
-446
-445
-443
-442
-442
-440
-440
-439
-438
-437
-436
-435
-433
-433
-432
-432
-429
-429
-425
-421
-418
-418
-416
-411
-406
-406
-404
-400
-400
-396
-396
-395
-394
-391
-390
-390
-390
-389
-388
-386
-385
-378
-376
-374
-374
-371
-369
-368
-362
-361
-360
-359
-358
-356
-348
-348
-347
-346
-341
-340
-340
-339
-336
-335
-334
-333
-323
-322
-322
-320
-317
-316
-315
-313
-308
-305
-305
-301
-299
-299
-296
-292
-288
-287
-286
-284
-275
-267
-267
-267
-264
-263
-262
-257
-256
-253
-253
-251
-247
-246
-246
-246
-240
-234
-233
-229
-227
-225
-225
-221
-221
-218
-217
-215
-214
-213
-211
-210
-209
-208
-208
-208
-208
-200
-196
-195
-194
-194
-191
-190
-187
-184
-180
-177
-177
-174
-173
-172
-171
-169
-168
-167
-167
-166
-165
-165
-161
-157
-156
-153
-152
-149
-148
-145
-139
-136
-135
-134
-133
-133
-132
-130
-121
-121
-119
-117
-114
-114
-112
-112
-110
-110
-110
-109
-106
-105
-105
-99
-97
-96
-96
-95
-90
-90
-88
-86
-85
-82
-79
-78
-77
-77
-77
-77
-75
-74
-72
-70
-67
-63
-61
-58
-48
-46
-45
-42
-39
-31
-30
-26
-25
-23
-14
-14
-13
-11
-9
-8
2
9
10
13
14
15
16
19
20
23
23
24
27
35
42
47
48
49
51
53
53
57
61
64
67
67
73
73
78
79
80
83
83
85
87
88
89
94
103
105
105
107
108
110
111
116
117
117
118
128
129
133
134
137
139
142
146
147
148
149
150
151
151
152
155
157
157
160
165
167
168
169
170
172
181
184
189
193
194
197
202
205
206
208
209
211
216
217
218
221
222
223
223
223
227
228
231
232
233
234
237
239
242
244
244
247
248
253
253
256
258
259
259
259
261
265
273
274
274
275
279
281
281
281
282
283
286
286
286
288
292
296
296
297
298
303
304
307
307
308
309
310
315
318
319
321
321
323
326
327
331
331
332
333
336
339
339
343
344
347
352
353
354
358
363
364
369
371
373
374
377
378
383
385
390
393
394
395
396
396
399
399
400
402
405
407
409
409
412
413
417
417
419
420
422
425
425
427
428
430
432
434
441
442
447
450
450
450
450
453
454
455
456
456
459
462
466
469
471
471
471
474
475
476
480
481
482
482
484
487
488
491
498
498
498
498
501
501
504
504
507
507
508
509
509
511
517
518
520
525
526
528
529
529
529
529
530
531
535
536
537
538
541
543
545
548
554
560
561
563
567
567
572
580
580
581
585
587
588
589
593
593
596
599
600
600
603
605
605
605
606
609
611
612
612
612
613
616
617
617
619
622
626
627
627
629
629
631
632
635
636
638
638
638
641
641
642
643
644
645
645
646
648
648
648
649
652
652
662
664
667
670
670
673
678
680
682
683
694
695
696
698
702
702
704
705
707
711
712
712
719
723
727
730
734
735
735
740
742
743
743
744
745
748
748
753
753
757
760
760
767
767
767
769
770
770
772
775
785
785
787
788
790
792
798
800
805
805
808
810
811
814
816
817
817
818
820
820
823
824
828
829
829
829
830
837
839
843
844
845
845
846
847
851
852
853
861
867
867
869
870
870
878
879
880
880
881
883
885
886
887
890
891
894
895
897
899
903
905
905
906
908
911
913
914
916
917
918
925
925
926
928
932
933
938
940
942
944
948
951
952
954
955
957
964
965
965
968
969
971
972
973
975
976
977
977
980
983
983
986
989
992
993
996
996
996
998
999
