10000
-9999
-9994
-9994
-9989
-9988
-9987
-9985
-9983
-9982
-9977
-9977
-9972
-9968
-9968
-9964
-9962
-9961
-9961
-9956
-9956
-9953
-9953
-9951
-9949
-9949
-9948
-9948
-9947
-9942
-9941
-9941
-9940
-9939
-9936
-9936
-9933
-9931
-9931
-9930
-9929
-9929
-9928
-9927
-9924
-9921
-9919
-9914
-9909
-9909
-9909
-9908
-9908
-9906
-9905
-9903
-9901
-9901
-9899
-9897
-9893
-9893
-9892
-9892
-9891
-9889
-9887
-9884
-9882
-9881
-9880
-9874
-9874
-9873
-9873
-9869
-9868
-9867
-9862
-9861
-9854
-9853
-9851
-9850
-9849
-9848
-9847
-9846
-9843
-9843
-9837
-9834
-9830
-9829
-9828
-9827
-9822
-9812
-9807
-9804
-9802
-9799
-9796
-9795
-9788
-9784
-9782
-9778
-9770
-9769
-9767
-9764
-9764
-9763
-9759
-9756
-9756
-9754
-9754
-9750
-9749
-9748
-9746
-9745
-9741
-9739
-9737
-9736
-9735
-9733
-9728
-9725
-9724
-9719
-9712
-9712
-9711
-9711
-9710
-9709
-9708
-9706
-9705
-9704
-9703
-9702
-9701
-9693
-9688
-9687
-9685
-9684
-9682
-9674
-9674
-9673
-9669
-9668
-9666
-9663
-9662
-9658
-9658
-9658
-9653
-9652
-9648
-9647
-9647
-9647
-9645
-9643
-9638
-9634
-9630
-9629
-9629
-9629
-9629
-9628
-9625
-9617
-9614
-9614
-9613
-9612
-9612
-9610
-9609
-9603
-9597
-9594
-9594
-9593
-9589
-9588
-9587
-9587
-9586
-9584
-9583
-9582
-9582
-9578
-9573
-9570
-9569
-9563
-9561
-9561
-9558
-9558
-9557
-9556
-9554
-9554
-9554
-9550
-9546
-9545
-9544
-9539
-9535
-9535
-9534
-9534
-9532
-9531
-9529
-9527
-9526
-9519
-9514
-9514
-9513
-9512
-9509
-9507
-9506
-9498
-9497
-9496
-9496
-9494
-9494
-9494
-9490
-9489
-9486
-9484
-9483
-9483
-9483
-9481
-9480
-9480
-9478
-9478
-9478
-9476
-9476
-9475
-9471
-9469
-9467
-9466
-9462
-9457
-9455
-9454
-9449
-9447
-9446
-9444
-9442
-9439
-9439
-9437
-9437
-9436
-9435
-9430
-9429
-9428
-9426
-9420
-9419
-9418
-9416
-9414
-9413
-9411
-9411
-9408
-9408
-9408
-9403
-9399
-9398
-9395
-9391
-9389
-9383
-9378
-9374
-9371
-9371
-9367
-9363
-9360
-9356
-9356
-9353
-9351
-9347
-9345
-9345
-9344
-9343
-9343
-9341
-9340
-9329
-9320
-9317
-9314
-9314
-9314
-9314
-9313
-9311
-9303
-9298
-9293
-9290
-9288
-9288
-9287
-9283
-9281
-9281
-9280
-9278
-9278
-9276
-9274
-9274
-9271
-9268
-9264
-9264
-9262
-9260
-9257
-9255
-9254
-9250
-9247
-9246
-9244
-9243
-9241
-9240
-9240
-9236
-9235
-9231
-9229
-9229
-9228
-9223
-9217
-9217
-9216
-9211
-9210
-9209
-9204
-9204
-9204
-9204
-9202
-9201
-9198
-9197
-9197
-9192
-9191
-9189
-9184
-9184
-9183
-9182
-9181
-9179
-9179
-9176
-9174
-9173
-9172
-9169
-9168
-9166
-9164
-9164
-9163
-9161
-9160
-9158
-9157
-9157
-9153
-9152
-9150
-9148
-9145
-9145
-9145
-9145
-9140
-9139
-9138
-9138
-9137
-9131
-9130
-9125
-9123
-9123
-9122
-9121
-9118
-9117
-9115
-9113
-9112
-9110
-9110
-9103
-9101
-9101
-9097
-9095
-9093
-9089
-9087
-9087
-9085
-9084
-9078
-9076
-9074
-9069
-9066
-9065
-9065
-9063
-9062
-9060
-9058
-9058
-9054
-9051
-9050
-9048
-9045
-9045
-9041
-9039
-9037
-9036
-9035
-9034
-9034
-9030
-9030
-9028
-9025
-9021
-9015
-9014
-9012
-9010
-9007
-9004
-9001
-9000
-8999
-8997
-8996
-8995
-8992
-8992
-8989
-8986
-8985
-8981
-8980
-8979
-8979
-8975
-8973
-8971
-8970
-8970
-8970
-8969
-8969
-8968
-8967
-8967
-8966
-8965
-8963
-8963
-8963
-8961
-8958
-8957
-8953
-8951
-8942
-8941
-8941
-8940
-8940
-8939
-8933
-8932
-8931
-8930
-8922
-8919
-8918
-8918
-8912
-8909
-8908
-8906
-8897
-8897
-8895
-8894
-8890
-8887
-8884
-8884
-8884
-8882
-8877
-8876
-8874
-8867
-8867
-8862
-8858
-8858
-8855
-8848
-8835
-8835
-8835
-8834
-8833
-8832
-8831
-8827
-8827
-8825
-8824
-8813
-8806
-8806
-8805
-8805
-8803
-8802
-8801
-8799
-8797
-8795
-8793
-8792
-8792
-8790
-8790
-8789
-8785
-8780
-8779
-8779
-8774
-8774
-8770
-8768
-8767
-8767
-8767
-8764
-8760
-8760
-8760
-8760
-8757
-8756
-8756
-8753
-8752
-8749
-8749
-8745
-8745
-8741
-8738
-8738
-8738
-8733
-8733
-8732
-8731
-8728
-8728
-8724
-8720
-8716
-8715
-8706
-8705
-8704
-8703
-8702
-8700
-8697
-8696
-8695
-8693
-8690
-8688
-8686
-8684
-8684
-8684
-8682
-8680
-8672
-8670
-8668
-8666
-8664
-8662
-8661
-8660
-8658
-8657
-8656
-8654
-8650
-8649
-8648
-8639
-8635
-8632
-8629
-8629
-8627
-8623
-8617
-8616
-8615
-8613
-8612
-8612
-8611
-8610
-8610
-8610
-8608
-8604
-8604
-8603
-8602
-8601
-8592
-8592
-8592
-8590
-8590
-8589
-8585
-8585
-8583
-8579
-8577
-8576
-8576
-8574
-8574
-8573
-8571
-8571
-8570
-8569
-8565
-8564
-8563
-8563
-8562
-8560
-8560
-8556
-8555
-8555
-8555
-8554
-8554
-8553
-8551
-8549
-8545
-8541
-8540
-8535
-8532
-8528
-8527
-8524
-8523
-8519
-8518
-8517
-8515
-8511
-8510
-8509
-8508
-8506
-8503
-8498
-8497
-8488
-8487
-8483
-8481
-8480
-8479
-8479
-8476
-8475
-8473
-8471
-8470
-8467
-8464
-8462
-8461
-8461
-8456
-8455
-8453
-8451
-8451
-8451
-8447
-8439
-8430
-8428
-8427
-8425
-8425
-8418
-8416
-8414
-8406
-8406
-8406
-8405
-8405
-8402
-8399
-8399
-8394
-8393
-8390
-8384
-8383
-8383
-8382
-8380
-8379
-8377
-8377
-8376
-8374
-8374
-8373
-8370
-8370
-8367
-8365
-8365
-8365
-8364
-8362
-8362
-8360
-8358
-8357
-8356
-8355
-8355
-8351
-8344
-8343
-8338
-8335
-8333
-8332
-8330
-8327
-8326
-8325
-8324
-8323
-8322
-8321
-8321
-8319
-8318
-8317
-8317
-8315
-8314
-8312
-8312
-8310
-8310
-8309
-8309
-8308
-8307
-8307
-8306
-8305
-8305
-8297
-8297
-8294
-8294
-8294
-8292
-8290
-8289
-8287
-8286
-8286
-8285
-8284
-8282
-8277
-8276
-8275
-8273
-8272
-8265
-8261
-8259
-8258
-8258
-8256
-8252
-8250
-8233
-8232
-8231
-8228
-8224
-8223
-8222
-8221
-8219
-8215
-8215
-8215
-8210
-8200
-8199
-8198
-8196
-8196
-8196
-8194
-8193
-8191
-8188
-8187
-8183
-8183
-8182
-8182
-8180
-8179
-8178
-8178
-8171
-8165
-8163
-8162
-8154
-8154
-8152
-8148
-8148
-8145
-8139
-8136
-8135
-8133
-8130
-8129
-8128
-8127
-8125
-8125
-8123
-8117
-8116
-8116
-8114
-8113
-8111
-8111
-8110
-8106
-8105
-8104
-8101
-8097
-8096
-8095
-8094
-8091
-8089
-8086
-8082
-8077
-8076
-8076
-8075
-8073
-8073
-8071
-8071
-8069
-8066
-8064
-8064
-8064
-8063
-8062
-8060
-8054
-8044
-8042
-8041
-8040
-8037
-8036
-8035
-8031
-8029
-8026
-8026
-8025
-8023
-8022
-8021
-8020
-8020
-8014
-8012
-8012
-8011
-8010
-8007
-8007
-8005
-8003
-8001
-8001
-8001
-8000
-7999
-7999
-7998
-7997
-7990
-7990
-7990
-7988
-7981
-7977
-7976
-7973
-7969
-7968
-7968
-7967
-7964
-7961
-7959
-7956
-7956
-7949
-7945
-7945
-7944
-7935
-7933
-7929
-7929
-7928
-7927
-7927
-7925
-7924
-7923
-7922
-7922
-7921
-7921
-7919
-7918
-7918
-7914
-7909
-7907
-7905
-7905
-7904
-7903
-7903
-7902
-7901
-7900
-7899
-7897
-7895
-7895
-7893
-7891
-7889
-7889
-7888
-7888
-7887
-7887
-7885
-7880
-7878
-7877
-7876
-7876
-7876
-7869
-7869
-7865
-7864
-7860
-7858
-7855
-7853
-7852
-7847
-7844
-7843
-7837
-7836
-7836
-7831
-7830
-7829
-7826
-7823
-7820
-7818
-7813
-7812
-7811
-7811
-7809
-7809
-7806
-7805
-7805
-7798
-7792
-7792
-7792
-7791
-7791
-7790
-7786
-7785
-7784
-7783
-7782
-7782
-7778
-7778
-7777
-7775
-7774
-7769
-7768
-7768
-7762
-7758
-7752
-7751
-7747
-7745
-7744
-7743
-7743
-7743
-7740
-7736
-7733
-7731
-7731
-7729
-7729
-7727
-7724
-7723
-7722
-7722
-7720
-7719
-7715
-7714
-7714
-7713
-7712
-7712
-7712
-7710
-7708
-7706
-7705
-7704
-7704
-7704
-7704
-7696
-7690
-7688
-7681
-7681
-7681
-7680
-7680
-7676
-7676
-7672
-7669
-7665
-7664
-7663
-7660
-7660
-7659
-7659
-7658
-7655
-7654
-7652
-7650
-7650
-7648
-7645
-7637
-7635
-7633
-7629
-7627
-7626
-7625
-7624
-7621
-7618
-7617
-7615
-7609
-7608
-7607
-7605
-7603
-7601
-7600
-7594
-7589
-7585
-7584
-7583
-7583
-7583
-7582
-7581
-7579
-7576
-7576
-7576
-7576
-7575
-7574
-7573
-7572
-7561
-7561
-7560
-7559
-7552
-7550
-7550
-7547
-7546
-7546
-7543
-7543
-7542
-7540
-7535
-7532
-7529
-7523
-7523
-7522
-7515
-7512
-7511
-7510
-7510
-7507
-7503
-7503
-7494
-7492
-7490
-7488
-7485
-7484
-7478
-7476
-7471
-7470
-7467
-7464
-7463
-7462
-7461
-7459
-7456
-7451
-7450
-7448
-7448
-7447
-7443
-7441
-7437
-7435
-7435
-7433
-7432
-7427
-7419
-7418
-7412
-7405
-7405
-7405
-7403
-7399
-7399
-7398
-7398
-7397
-7395
-7390
-7389
-7388
-7387
-7384
-7384
-7383
-7371
-7370
-7369
-7368
-7363
-7363
-7363
-7362
-7362
-7357
-7356
-7354
-7354
-7353
-7352
-7346
-7344
-7339
-7339
-7339
-7338
-7336
-7336
-7335
-7334
-7333
-7330
-7328
-7326
-7321
-7321
-7319
-7317
-7317
-7314
-7312
-7310
-7310
-7309
-7306
-7305
-7305
-7304
-7302
-7300
-7300
-7299
-7297
-7296
-7295
-7294
-7294
-7288
-7286
-7286
-7286
-7284
-7281
-7279
-7277
-7276
-7272
-7271
-7271
-7267
-7267
-7266
-7258
-7250
-7248
-7245
-7244
-7240
-7238
-7236
-7232
-7228
-7227
-7226
-7225
-7223
-7221
-7219
-7212
-7210
-7205
-7197
-7197
-7195
-7193
-7193
-7187
-7185
-7185
-7183
-7182
-7178
-7174
-7172
-7172
-7167
-7157
-7154
-7154
-7151
-7151
-7148
-7147
-7146
-7143
-7143
-7142
-7139
-7138
-7138
-7134
-7134
-7133
-7133
-7131
-7131
-7128
-7126
-7125
-7123
-7110
-7109
-7107
-7106
-7105
-7104
-7101
-7099
-7096
-7094
-7090
-7090
-7089
-7087
-7087
-7086
-7086
-7086
-7083
-7083
-7082
-7081
-7080
-7077
-7076
-7072
-7069
-7067
-7064
-7060
-7058
-7055
-7052
-7047
-7045
-7044
-7044
-7042
-7041
-7041
-7041
-7040
-7037
-7036
-7036
-7034
-7030
-7030
-7028
-7026
-7026
-7026
-7022
-7020
-7017
-7015
-7013
-7009
-7009
-7007
-7006
-7002
-7001
-7000
-6997
-6995
-6993
-6992
-6991
-6991
-6990
-6989
-6988
-6986
-6984
-6984
-6984
-6983
-6981
-6975
-6974
-6971
-6971
-6971
-6958
-6956
-6954
-6953
-6952
-6951
-6947
-6945
-6944
-6943
-6939
-6939
-6936
-6932
-6921
-6918
-6917
-6915
-6913
-6910
-6909
-6906
-6905
-6903
-6902
-6900
-6900
-6899
-6894
-6883
-6881
-6880
-6875
-6875
-6871
-6871
-6871
-6871
-6871
-6864
-6860
-6856
-6851
-6848
-6847
-6843
-6842
-6842
-6838
-6837
-6837
-6836
-6835
-6835
-6832
-6831
-6830
-6828
-6828
-6821
-6820
-6819
-6818
-6818
-6816
-6813
-6808
-6805
-6791
-6788
-6784
-6784
-6783
-6780
-6778
-6777
-6776
-6773
-6771
-6770
-6768
-6767
-6766
-6766
-6763
-6760
-6757
-6753
-6751
-6749
-6748
-6747
-6747
-6747
-6741
-6740
-6739
-6735
-6733
-6732
-6732
-6724
-6724
-6722
-6718
-6716
-6715
-6713
-6710
-6706
-6705
-6704
-6699
-6699
-6695
-6693
-6692
-6689
-6687
-6687
-6682
-6681
-6679
-6679
-6678
-6671
-6665
-6662
-6662
-6662
-6661
-6659
-6658
-6650
-6649
-6648
-6644
-6643
-6639
-6638
-6638
-6638
-6638
-6634
-6634
-6629
-6627
-6625
-6623
-6623
-6621
-6621
-6621
-6621
-6620
-6615
-6614
-6613
-6607
-6607
-6604
-6598
-6596
-6595
-6595
-6593
-6593
-6587
-6587
-6587
-6584
-6584
-6582
-6582
-6580
-6578
-6577
-6576
-6576
-6574
-6569
-6564
-6564
-6563
-6556
-6553
-6550
-6549
-6543
-6541
-6541
-6538
-6536
-6534
-6527
-6526
-6524
-6522
-6515
-6513
-6512
-6512
-6505
-6503
-6498
-6493
-6492
-6485
-6478
-6477
-6477
-6475
-6474
-6474
-6472
-6463
-6461
-6459
-6456
-6456
-6455
-6455
-6450
-6450
-6449
-6447
-6446
-6443
-6442
-6439
-6436
-6435
-6435
-6434
-6432
-6431
-6427
-6427
-6420
-6419
-6417
-6412
-6411
-6410
-6406
-6403
-6401
-6400
-6395
-6391
-6387
-6383
-6383
-6382
-6381
-6380
-6379
-6379
-6379
-6378
-6377
-6374
-6373
-6371
-6371
-6369
-6369
-6368
-6368
-6365
-6364
-6364
-6363
-6362
-6361
-6357
-6357
-6357
-6355
-6354
-6354
-6351
-6350
-6350
-6350
-6349
-6342
-6341
-6339
-6338
-6337
-6332
-6329
-6329
-6329
-6328
-6327
-6323
-6321
-6318
-6316
-6316
-6312
-6312
-6308
-6308
-6300
-6299
-6299
-6297
-6293
-6293
-6290
-6284
-6283
-6275
-6275
-6274
-6274
-6272
-6272
-6267
-6266
-6265
-6265
-6264
-6263
-6262
-6256
-6255
-6254
-6254
-6254
-6249
-6247
-6247
-6246
-6243
-6243
-6241
-6240
-6232
-6230
-6229
-6227
-6227
-6225
-6225
-6225
-6225
-6222
-6217
-6215
-6212
-6210
-6209
-6209
-6208
-6208
-6204
-6203
-6203
-6199
-6198
-6194
-6192
-6187
-6184
-6184
-6182
-6180
-6176
-6169
-6169
-6169
-6166
-6165
-6165
-6161
-6159
-6155
-6155
-6153
-6152
-6151
-6149
-6149
-6145
-6144
-6144
-6140
-6139
-6132
-6132
-6127
-6127
-6124
-6122
-6119
-6118
-6117
-6114
-6108
-6105
-6105
-6104
-6103
-6101
-6100
-6099
-6095
-6093
-6093
-6088
-6087
-6086
-6083
-6083
-6080
-6080
-6079
-6078
-6077
-6077
-6076
-6074
-6073
-6069
-6065
-6064
-6060
-6058
-6054
-6053
-6051
-6050
-6050
-6049
-6047
-6046
-6046
-6046
-6046
-6044
-6043
-6039
-6032
-6031
-6029
-6023
-6021
-6020
-6016
-6014
-6013
-6012
-6009
-6007
-6007
-6006
-6006
-6003
-6003
-6003
-5999
-5996
-5996
-5992
-5991
-5990
-5989
-5989
-5984
-5984
-5978
-5974
-5974
-5973
-5972
-5966
-5957
-5957
-5951
-5950
-5950
-5949
-5948
-5945
-5941
-5941
-5938
-5937
-5936
-5933
-5931
-5930
-5928
-5920
-5920
-5919
-5917
-5914
-5913
-5913
-5913
-5908
-5908
-5905
-5904
-5903
-5903
-5901
-5898
-5897
-5897
-5897
-5896
-5893
-5890
-5889
-5888
-5886
-5878
-5874
-5873
-5871
-5869
-5869
-5863
-5862
-5861
-5859
-5859
-5859
-5858
-5854
-5851
-5849
-5848
-5848
-5848
-5847
-5846
-5844
-5842
-5840
-5839
-5837
-5836
-5836
-5835
-5827
-5825
-5816
-5815
-5815
-5807
-5807
-5804
-5803
-5802
-5801
-5799
-5799
-5798
-5798
-5797
-5794
-5793
-5793
-5793
-5791
-5790
-5789
-5788
-5786
-5785
-5782
-5780
-5778
-5776
-5776
-5775
-5768
-5763
-5762
-5760
-5759
-5759
-5756
-5751
-5747
-5740
-5734
-5732
-5732
-5731
-5728
-5726
-5724
-5722
-5718
-5714
-5714
-5712
-5709
-5706
-5705
-5705
-5690
-5685
-5685
-5683
-5681
-5678
-5676
-5674
-5674
-5673
-5670
-5669
-5667
-5664
-5660
-5653
-5653
-5649
-5647
-5642
-5641
-5641
-5639
-5634
-5634
-5631
-5628
-5626
-5625
-5623
-5623
-5621
-5621
-5621
-5620
-5616
-5613
-5612
-5611
-5607
-5604
-5602
-5596
-5592
-5591
-5590
-5589
-5589
-5588
-5586
-5586
-5582
-5581
-5581
-5580
-5577
-5576
-5575
-5573
-5572
-5571
-5570
-5569
-5568
-5565
-5564
-5561
-5558
-5557
-5557
-5555
-5555
-5554
-5554
-5553
-5550
-5547
-5547
-5542
-5539
-5537
-5537
-5535
-5531
-5530
-5529
-5526
-5518
-5518
-5517
-5515
-5514
-5512
-5510
-5508
-5506
-5506
-5500
-5496
-5494
-5492
-5491
-5490
-5490
-5489
-5488
-5486
-5486
-5482
-5479
-5475
-5473
-5473
-5468
-5466
-5464
-5463
-5459
-5459
-5459
-5452
-5451
-5451
-5450
-5448
-5446
-5446
-5445
-5444
-5443
-5442
-5437
-5433
-5432
-5430
-5428
-5424
-5418
-5418
-5417
-5416
-5415
-5415
-5413
-5410
-5405
-5400
-5393
-5392
-5391
-5388
-5388
-5388
-5388
-5385
-5384
-5379
-5370
-5369
-5365
-5364
-5362
-5361
-5361
-5354
-5345
-5340
-5337
-5331
-5329
-5328
-5328
-5327
-5326
-5324
-5323
-5321
-5317
-5312
-5310
-5310
-5309
-5305
-5303
-5299
-5296
-5296
-5294
-5294
-5293
-5292
-5292
-5291
-5290
-5287
-5287
-5284
-5284
-5284
-5282
-5279
-5275
-5274
-5271
-5266
-5265
-5259
-5258
-5257
-5255
-5255
-5254
-5253
-5252
-5251
-5249
-5249
-5248
-5247
-5245
-5245
-5244
-5239
-5239
-5238
-5235
-5235
-5232
-5230
-5227
-5226
-5219
-5214
-5212
-5212
-5209
-5208
-5207
-5207
-5206
-5205
-5204
-5198
-5195
-5193
-5191
-5184
-5184
-5184
-5182
-5182
-5179
-5175
-5173
-5172
-5169
-5168
-5166
-5162
-5160
-5160
-5158
-5155
-5151
-5148
-5142
-5139
-5138
-5136
-5136
-5134
-5134
-5134
-5132
-5131
-5131
-5130
-5129
-5128
-5127
-5127
-5126
-5123
-5119
-5119
-5117
-5114
-5112
-5111
-5107
-5103
-5103
-5100
-5100
-5097
-5094
-5091
-5090
-5089
-5088
-5087
-5086
-5084
-5084
-5078
-5076
-5072
-5072
-5069
-5060
-5059
-5053
-5047
-5046
-5045
-5045
-5045
-5044
-5040
-5039
-5037
-5032
-5032
-5031
-5030
-5027
-5027
-5025
-5025
-5020
-5017
-5017
-5016
-5014
-5014
-5013
-5012
-5011
-5011
-5011
-5007
-5002
-5001
-5000
-4999
-4997
-4996
-4993
-4987
-4986
-4983
-4983
-4980
-4980
-4979
-4977
-4977
-4976
-4974
-4974
-4972
-4971
-4969
-4967
-4967
-4959
-4957
-4955
-4950
-4947
-4945
-4942
-4942
-4941
-4941
-4935
-4932
-4922
-4922
-4921
-4917
-4917
-4916
-4916
-4913
-4908
-4907
-4903
-4898
-4897
-4897
-4897
-4894
-4892
-4891
-4888
-4884
-4880
-4875
-4871
-4867
-4866
-4863
-4863
-4855
-4853
-4853
-4849
-4847
-4846
-4842
-4842
-4842
-4842
-4840
-4838
-4836
-4835
-4833
-4832
-4824
-4824
-4821
-4821
-4821
-4818
-4816
-4816
-4814
-4813
-4812
-4811
-4809
-4806
-4806
-4803
-4802
-4799
-4792
-4789
-4787
-4786
-4785
-4778
-4771
-4771
-4770
-4769
-4764
-4762
-4759
-4756
-4756
-4755
-4754
-4753
-4746
-4743
-4740
-4740
-4739
-4738
-4738
-4737
-4735
-4729
-4723
-4717
-4717
-4717
-4713
-4712
-4708
-4707
-4703
-4702
-4698
-4697
-4695
-4695
-4693
-4691
-4691
-4690
-4685
-4682
-4678
-4675
-4675
-4674
-4670
-4669
-4668
-4662
-4659
-4658
-4654
-4652
-4647
-4646
-4646
-4646
-4646
-4644
-4644
-4641
-4639
-4637
-4637
-4635
-4633
-4627
-4626
-4626
-4621
-4618
-4610
-4610
-4605
-4604
-4601
-4600
-4599
-4597
-4596
-4596
-4594
-4590
-4587
-4587
-4587
-4585
-4584
-4576
-4575
-4573
-4571
-4571
-4559
-4559
-4558
-4557
-4551
-4549
-4548
-4548
-4546
-4546
-4542
-4541
-4540
-4538
-4537
-4536
-4532
-4532
-4531
-4531
-4530
-4529
-4525
-4523
-4520
-4520
-4517
-4515
-4512
-4507
-4505
-4503
-4500
-4499
-4496
-4496
-4494
-4488
-4487
-4486
-4485
-4483
-4483
-4482
-4482
-4480
-4480
-4469
-4468
-4467
-4466
-4466
-4466
-4466
-4464
-4463
-4461
-4461
-4461
-4458
-4451
-4450
-4444
-4444
-4441
-4440
-4437
-4435
-4435
-4435
-4434
-4428
-4424
-4421
-4421
-4420
-4419
-4407
-4406
-4406
-4403
-4397
-4391
-4391
-4385
-4383
-4382
-4381
-4379
-4378
-4376
-4373
-4372
-4368
-4367
-4367
-4364
-4364
-4363
-4359
-4355
-4355
-4352
-4351
-4347
-4347
-4344
-4335
-4335
-4334
-4333
-4330
-4330
-4328
-4327
-4325
-4323
-4319
-4314
-4313
-4311
-4309
-4309
-4306
-4306
-4301
-4298
-4296
-4293
-4289
-4287
-4284
-4283
-4281
-4281
-4280
-4279
-4277
-4276
-4275
-4271
-4265
-4264
-4263
-4261
-4261
-4260
-4258
-4258
-4256
-4249
-4247
-4247
-4242
-4240
-4238
-4235
-4233
-4233
-4231
-4228
-4227
-4225
-4225
-4221
-4212
-4212
-4212
-4211
-4211
-4208
-4208
-4206
-4204
-4201
-4201
-4198
-4198
-4198
-4197
-4191
-4190
-4187
-4184
-4184
-4179
-4172
-4172
-4170
-4167
-4165
-4164
-4163
-4163
-4159
-4156
-4155
-4155
-4150
-4148
-4148
-4146
-4145
-4143
-4142
-4142
-4141
-4135
-4134
-4133
-4132
-4130
-4125
-4124
-4124
-4122
-4115
-4112
-4111
-4109
-4102
-4102
-4102
-4099
-4090
-4088
-4087
-4085
-4084
-4080
-4079
-4079
-4076
-4075
-4071
-4071
-4068
-4068
-4066
-4064
-4062
-4061
-4057
-4056
-4054
-4052
-4052
-4048
-4044
-4041
-4038
-4035
-4031
-4030
-4022
-4020
-4020
-4020
-4012
-4011
-4009
-4008
-4001
-4000
-3999
-3996
-3995
-3993
-3988
-3987
-3983
-3982
-3974
-3972
-3971
-3969
-3967
-3967
-3967
-3962
-3952
-3948
-3948
-3948
-3946
-3946
-3943
-3937
-3937
-3937
-3936
-3933
-3932
-3922
-3919
-3917
-3917
-3914
-3912
-3908
-3902
-3901
-3897
-3894
-3892
-3891
-3884
-3883
-3882
-3879
-3875
-3875
-3872
-3869
-3868
-3867
-3867
-3866
-3866
-3864
-3863
-3863
-3863
-3862
-3862
-3861
-3860
-3858
-3857
-3851
-3844
-3843
-3841
-3840
-3836
-3836
-3835
-3831
-3829
-3829
-3826
-3824
-3823
-3821
-3819
-3819
-3819
-3816
-3815
-3815
-3813
-3812
-3812
-3806
-3805
-3800
-3798
-3794
-3794
-3788
-3787
-3785
-3779
-3779
-3778
-3774
-3773
-3773
-3771
-3768
-3762
-3759
-3758
-3755
-3753
-3751
-3751
-3749
-3748
-3747
-3744
-3741
-3741
-3740
-3738
-3737
-3737
-3736
-3732
-3726
-3723
-3722
-3718
-3717
-3717
-3715
-3713
-3706
-3705
-3703
-3702
-3702
-3701
-3698
-3698
-3692
-3688
-3688
-3687
-3686
-3679
-3678
-3677
-3671
-3667
-3666
-3665
-3663
-3662
-3662
-3659
-3656
-3655
-3654
-3652
-3651
-3651
-3647
-3643
-3643
-3638
-3637
-3632
-3632
-3629
-3628
-3628
-3626
-3625
-3621
-3621
-3619
-3619
-3616
-3613
-3612
-3610
-3602
-3602
-3602
-3599
-3597
-3596
-3593
-3593
-3591
-3591
-3590
-3588
-3588
-3586
-3582
-3578
-3575
-3573
-3572
-3572
-3568
-3565
-3563
-3561
-3561
-3555
-3555
-3553
-3551
-3551
-3550
-3548
-3546
-3546
-3545
-3543
-3542
-3542
-3541
-3541
-3541
-3540
-3537
-3537
-3536
-3532
-3530
-3528
-3526
-3525
-3523
-3522
-3517
-3516
-3515
-3515
-3514
-3513
-3512
-3509
-3506
-3506
-3505
-3501
-3497
-3495
-3486
-3484
-3482
-3482
-3482
-3481
-3481
-3481
-3478
-3470
-3467
-3467
-3461
-3459
-3455
-3453
-3452
-3451
-3450
-3450
-3450
-3449
-3447
-3446
-3443
-3443
-3442
-3441
-3438
-3432
-3432
-3431
-3428
-3420
-3417
-3411
-3411
-3406
-3404
-3402
-3401
-3398
-3397
-3396
-3395
-3395
-3394
-3393
-3389
-3387
-3382
-3380
-3377
-3375
-3372
-3371
-3371
-3368
-3367
-3364
-3363
-3359
-3357
-3357
-3353
-3352
-3351
-3348
-3347
-3347
-3347
-3345
-3344
-3344
-3343
-3341
-3340
-3338
-3337
-3335
-3333
-3332
-3331
-3329
-3326
-3325
-3325
-3324
-3321
-3321
-3321
-3319
-3317
-3315
-3309
-3305
-3303
-3301
-3299
-3299
-3293
-3291
-3289
-3288
-3286
-3286
-3285
-3283
-3283
-3282
-3274
-3273
-3273
-3271
-3269
-3269
-3267
-3265
-3263
-3259
-3258
-3255
-3254
-3253
-3251
-3246
-3239
-3239
-3236
-3235
-3234
-3233
-3230
-3230
-3229
-3228
-3226
-3226
-3224
-3223
-3223
-3219
-3217
-3216
-3215
-3214
-3209
-3206
-3204
-3204
-3204
-3202
-3201
-3200
-3198
-3197
-3196
-3196
-3192
-3191
-3190
-3189
-3184
-3184
-3181
-3178
-3176
-3173
-3173
-3172
-3170
-3166
-3165
-3164
-3161
-3161
-3153
-3151
-3151
-3150
-3147
-3147
-3141
-3140
-3139
-3136
-3131
-3129
-3129
-3125
-3122
-3120
-3118
-3117
-3116
-3114
-3113
-3110
-3104
-3103
-3102
-3101
-3100
-3098
-3095
-3093
-3089
-3087
-3084
-3077
-3076
-3070
-3069
-3067
-3067
-3065
-3061
-3057
-3056
-3055
-3054
-3053
-3053
-3050
-3049
-3048
-3039
-3038
-3038
-3035
-3032
-3032
-3031
-3028
-3028
-3025
-3025
-3025
-3024
-3024
-3022
-3020
-3018
-3017
-3017
-3013
-3012
-3011
-3011
-3007
-3006
-3005
-3005
-3004
-3003
-3001
-2994
-2992
-2990
-2989
-2984
-2982
-2980
-2979
-2979
-2975
-2973
-2973
-2972
-2969
-2965
-2965
-2963
-2959
-2957
-2956
-2953
-2953
-2951
-2951
-2951
-2950
-2948
-2948
-2948
-2945
-2945
-2945
-2942
-2939
-2938
-2937
-2936
-2936
-2935
-2934
-2933
-2932
-2929
-2929
-2926
-2923
-2922
-2919
-2914
-2914
-2905
-2892
-2890
-2886
-2884
-2883
-2880
-2878
-2877
-2875
-2873
-2872
-2872
-2871
-2870
-2870
-2868
-2867
-2866
-2863
-2863
-2862
-2861
-2859
-2857
-2856
-2856
-2852
-2851
-2850
-2849
-2848
-2844
-2840
-2838
-2832
-2831
-2828
-2827
-2827
-2822
-2818
-2816
-2816
-2815
-2814
-2810
-2808
-2801
-2799
-2795
-2795
-2794
-2793
-2791
-2790
-2790
-2789
-2785
-2785
-2781
-2779
-2779
-2778
-2777
-2773
-2772
-2769
-2767
-2762
-2762
-2760
-2760
-2758
-2755
-2753
-2752
-2751
-2750
-2749
-2745
-2745
-2744
-2743
-2743
-2742
-2742
-2740
-2734
-2730
-2729
-2727
-2726
-2725
-2724
-2722
-2719
-2718
-2717
-2717
-2717
-2716
-2714
-2712
-2712
-2705
-2704
-2703
-2698
-2696
-2696
-2692
-2691
-2690
-2689
-2685
-2677
-2676
-2673
-2670
-2670
-2668
-2664
-2659
-2658
-2655
-2651
-2649
-2648
-2646
-2646
-2646
-2645
-2645
-2644
-2644
-2640
-2639
-2636
-2635
-2632
-2629
-2626
-2625
-2624
-2622
-2622
-2621
-2620
-2611
-2607
-2604
-2604
-2602
-2598
-2598
-2597
-2594
-2594
-2593
-2591
-2589
-2589
-2588
-2585
-2584
-2583
-2580
-2579
-2578
-2576
-2574
-2574
-2573
-2572
-2571
-2571
-2567
-2566
-2562
-2560
-2559
-2558
-2555
-2555
-2552
-2551
-2549
-2548
-2547
-2544
-2542
-2541
-2538
-2538
-2537
-2537
-2535
-2533
-2529
-2526
-2524
-2522
-2519
-2517
-2512
-2507
-2507
-2501
-2499
-2496
-2495
-2495
-2494
-2484
-2484
-2484
-2483
-2482
-2481
-2480
-2480
-2479
-2477
-2474
-2472
-2466
-2466
-2463
-2463
-2460
-2460
-2458
-2448
-2447
-2446
-2442
-2442
-2438
-2435
-2430
-2427
-2426
-2424
-2423
-2422
-2421
-2420
-2417
-2412
-2411
-2410
-2408
-2406
-2404
-2403
-2402
-2401
-2401
-2399
-2397
-2395
-2394
-2392
-2387
-2387
-2386
-2377
-2375
-2375
-2374
-2374
-2373
-2372
-2371
-2370
-2369
-2368
-2367
-2367
-2366
-2364
-2363
-2362
-2361
-2359
-2356
-2354
-2352
-2346
-2343
-2342
-2341
-2336
-2336
-2336
-2334
-2334
-2331
-2330
-2328
-2327
-2326
-2326
-2319
-2318
-2318
-2312
-2311
-2307
-2307
-2301
-2299
-2298
-2296
-2296
-2296
-2294
-2292
-2292
-2291
-2290
-2290
-2288
-2287
-2286
-2286
-2283
-2283
-2283
-2278
-2277
-2276
-2274
-2273
-2272
-2268
-2268
-2267
-2266
-2265
-2264
-2261
-2261
-2261
-2259
-2258
-2257
-2256
-2255
-2253
-2251
-2250
-2250
-2249
-2248
-2248
-2247
-2247
-2247
-2244
-2242
-2239
-2235
-2235
-2234
-2232
-2230
-2227
-2227
-2226
-2225
-2225
-2221
-2221
-2214
-2214
-2213
-2213
-2210
-2210
-2204
-2204
-2201
-2199
-2199
-2197
-2193
-2192
-2190
-2187
-2186
-2183
-2183
-2182
-2181
-2179
-2178
-2174
-2173
-2171
-2169
-2169
-2168
-2166
-2160
-2155
-2154
-2153
-2153
-2152
-2151
-2151
-2150
-2150
-2149
-2147
-2146
-2146
-2142
-2139
-2139
-2139
-2137
-2137
-2136
-2135
-2134
-2133
-2130
-2129
-2126
-2124
-2122
-2120
-2117
-2115
-2114
-2113
-2112
-2106
-2099
-2096
-2091
-2090
-2089
-2087
-2086
-2077
-2075
-2075
-2072
-2072
-2072
-2071
-2068
-2066
-2066
-2062
-2059
-2058
-2057
-2056
-2054
-2053
-2053
-2051
-2050
-2049
-2048
-2047
-2046
-2043
-2042
-2041
-2039
-2037
-2035
-2034
-2034
-2031
-2029
-2029
-2028
-2025
-2022
-2022
-2022
-2021
-2016
-2016
-2013
-2011
-2008
-2005
-2004
-2004
-2004
-2001
-2001
-2000
-1998
-1997
-1996
-1990
-1988
-1985
-1985
-1979
-1977
-1974
-1971
-1971
-1970
-1970
-1963
-1959
-1956
-1956
-1954
-1952
-1952
-1951
-1951
-1950
-1950
-1949
-1947
-1947
-1946
-1945
-1944
-1942
-1940
-1940
-1940
-1938
-1935
-1931
-1929
-1928
-1922
-1921
-1920
-1918
-1918
-1918
-1917
-1917
-1917
-1917
-1916
-1916
-1907
-1906
-1906
-1903
-1897
-1896
-1895
-1892
-1892
-1891
-1889
-1888
-1882
-1881
-1876
-1876
-1871
-1869
-1865
-1865
-1865
-1865
-1863
-1862
-1860
-1859
-1855
-1853
-1852
-1846
-1844
-1842
-1838
-1829
-1828
-1817
-1813
-1810
-1806
-1803
-1799
-1797
-1793
-1789
-1788
-1777
-1777
-1776
-1775
-1772
-1772
-1767
-1763
-1758
-1753
-1753
-1752
-1746
-1745
-1742
-1738
-1732
-1727
-1727
-1726
-1725
-1723
-1723
-1723
-1722
-1721
-1718
-1718
-1718
-1717
-1717
-1716
-1716
-1715
-1702
-1701
-1699
-1698
-1698
-1696
-1695
-1695
-1692
-1688
-1686
-1685
-1682
-1679
-1679
-1678
-1677
-1676
-1676
-1676
-1673
-1669
-1668
-1666
-1664
-1662
-1660
-1656
-1655
-1651
-1651
-1651
-1646
-1646
-1644
-1639
-1639
-1639
-1637
-1636
-1632
-1629
-1626
-1621
-1621
-1616
-1614
-1610
-1608
-1608
-1601
-1598
-1591
-1583
-1580
-1580
-1579
-1579
-1574
-1573
-1572
-1571
-1571
-1569
-1568
-1566
-1565
-1565
-1565
-1564
-1563
-1562
-1560
-1558
-1557
-1555
-1552
-1552
-1551
-1548
-1546
-1544
-1542
-1541
-1541
-1540
-1540
-1537
-1535
-1533
-1530
-1524
-1518
-1518
-1517
-1515
-1512
-1510
-1510
-1503
-1502
-1500
-1498
-1497
-1493
-1490
-1489
-1489
-1486
-1484
-1484
-1482
-1482
-1478
-1477
-1470
-1468
-1467
-1467
-1463
-1459
-1458
-1456
-1456
-1453
-1447
-1446
-1444
-1444
-1444
-1444
-1443
-1443
-1442
-1441
-1441
-1439
-1439
-1439
-1436
-1434
-1429
-1427
-1425
-1422
-1421
-1421
-1417
-1417
-1413
-1411
-1407
-1404
-1402
-1402
-1400
-1397
-1393
-1392
-1391
-1391
-1389
-1388
-1387
-1386
-1386
-1385
-1385
-1384
-1383
-1374
-1374
-1373
-1372
-1369
-1368
-1367
-1366
-1364
-1363
-1361
-1359
-1357
-1353
-1353
-1350
-1349
-1345
-1345
-1344
-1343
-1342
-1342
-1342
-1338
-1335
-1334
-1333
-1331
-1330
-1330
-1329
-1326
-1325
-1322
-1321
-1321
-1320
-1317
-1316
-1315
-1315
-1312
-1312
-1309
-1306
-1303
-1299
-1298
-1293
-1288
-1285
-1283
-1279
-1278
-1277
-1276
-1276
-1273
-1267
-1266
-1260
-1259
-1258
-1257
-1257
-1256
-1254
-1251
-1251
-1250
-1245
-1243
-1241
-1240
-1240
-1239
-1239
-1239
-1239
-1237
-1237
-1234
-1228
-1227
-1223
-1220
-1218
-1218
-1216
-1211
-1209
-1209
-1207
-1203
-1202
-1199
-1199
-1195
-1193
-1193
-1190
-1190
-1188
-1188
-1187
-1185
-1184
-1184
-1182
-1182
-1177
-1175
-1171
-1168
-1165
-1165
-1163
-1160
-1156
-1156
-1155
-1150
-1149
-1137
-1134
-1134
-1133
-1133
-1129
-1124
-1119
-1116
-1115
-1110
-1108
-1106
-1105
-1102
-1102
-1100
-1098
-1096
-1096
-1095
-1095
-1094
-1094
-1087
-1083
-1073
-1072
-1071
-1069
-1067
-1066
-1064
-1063
-1059
-1057
-1055
-1053
-1053
-1052
-1046
-1043
-1038
-1037
-1035
-1032
-1025
-1024
-1024
-1020
-1017
-1014
-1009
-1008
-1007
-1006
-1003
-1002
-995
-995
-993
-991
-991
-986
-986
-984
-982
-981
-978
-973
-971
-969
-969
-967
-966
-963
-963
-962
-960
-954
-954
-953
-947
-944
-943
-942
-939
-938
-936
-935
-929
-927
-927
-926
-925
-924
-923
-922
-921
-920
-920
-919
-909
-907
-905
-900
-900
-898
-893
-892
-891
-890
-887
-882
-882
-880
-879
-874
-869
-865
-864
-864
-863
-861
-858
-857
-857
-856
-854
-850
-849
-848
-847
-846
-845
-844
-843
-833
-832
-832
-822
-819
-818
-814
-814
-813
-812
-810
-810
-808
-805
-802
-800
-800
-800
-800
-797
-797
-796
-795
-795
-794
-793
-789
-788
-785
-784
-782
-780
-778
-777
-774
-773
-773
-771
-770
-769
-761
-761
-761
-753
-751
-751
-748
-746
-743
-740
-740
-739
-738
-737
-733
-733
-728
-723
-720
-718
-717
-717
-715
-715
-715
-714
-714
-714
-710
-709
-706
-700
-700
-700
-699
-697
-696
-695
-688
-686
-684
-677
-677
-676
-674
-674
-672
-672
-672
-669
-665
-664
-663
-662
-658
-658
-657
-653
-651
-651
-650
-646
-643
-643
-640
-638
-637
-637
-632
-630
-625
-624
-621
-620
-619
-618
-618
-616
-614
-612
-611
-610
-609
-609
-607
-605
-605
-604
-603
-602
-602
-601
-601
-599
-597
-596
-596
-587
-587
-585
-584
-582
-581
-580
-575
-574
-570
-564
-564
-563
-562
-555
-550
-545
-544
-542
-541
-540
-539
-535
-534
-532
-530
-529
-528
-528
-528
-526
-525
-524
-524
-522
-521
-518
-518
-516
-514
-513
-512
-512
-512
-504
-497
-494
-493
-492
-490
-490
-490
-488
-487
-485
-484
-484
-483
-480
-479
-479
-478
-478
-478
-477
-477
-475
-472
-472
-472
-471
-470
-469
-469
-468
-467
-464
-464
-462
-459
-458
-456
-456
-454
-451
-450
-450
-447
-446
-444
-443
-442
-441
-430
-425
-425
-421
-420
-417
-417
-416
-414
-412
-406
-405
-400
-399
-398
-397
-397
-397
-396
-395
-393
-392
-389
-389
-387
-387
-386
-385
-385
-382
-376
-376
-375
-373
-373
-370
-369
-362
-361
-361
-358
-358
-355
-351
-351
-348
-346
-345
-342
-342
-342
-341
-340
-337
-336
-334
-332
-331
-326
-324
-323
-320
-315
-314
-312
-312
-308
-301
-301
-297
-296
-291
-290
-289
-287
-282
-281
-274
-268
-268
-264
-262
-260
-259
-257
-257
-255
-254
-246
-245
-245
-244
-244
-244
-244
-242
-234
-233
-233
-230
-226
-219
-219
-216
-216
-215
-211
-208
-207
-203
-198
-194
-191
-188
-186
-183
-182
-181
-180
-180
-178
-176
-172
-171
-168
-168
-166
-165
-163
-162
-162
-156
-155
-155
-154
-153
-153
-152
-151
-151
-146
-143
-134
-133
-130
-129
-128
-128
-128
-127
-126
-126
-125
-122
-120
-116
-114
-113
-113
-109
-106
-104
-95
-95
-91
-89
-88
-86
-85
-85
-84
-80
-76
-76
-76
-76
-72
-70
-69
-69
-65
-64
-61
-55
-52
-51
-51
-49
-46
-44
-35
-34
-33
-32
-29
-28
-26
-25
-25
-22
-22
-21
-21
-19
-17
-14
-12
-12
-12
-8
-7
-6
-6
-3
-3
-2
-1
2
11
11
14
16
19
22
25
26
27
33
38
38
39
41
42
45
48
51
51
54
56
58
59
59
59
66
70
73
74
84
85
86
89
91
91
100
102
103
103
105
106
106
107
109
109
113
113
117
120
124
128
129
129
130
133
134
135
140
140
141
142
147
147
149
150
153
154
160
165
165
167
167
168
170
171
171
173
174
174
177
177
178
185
185
185
187
187
188
189
191
195
197
198
198
198
204
205
206
206
207
210
213
213
214
216
217
218
223
228
230
235
236
241
245
246
247
247
248
250
250
254
257
258
258
258
262
262
264
272
275
276
279
282
282
282
282
283
284
285
285
287
289
289
294
294
296
297
298
299
305
305
309
319
322
322
322
323
323
324
324
326
327
331
332
335
336
336
336
337
337
339
339
340
342
349
349
351
354
359
360
364
364
367
368
369
373
385
385
387
389
390
390
392
392
394
396
396
399
402
402
408
409
411
412
413
417
421
426
427
428
428
431
432
434
434
435
441
441
442
443
445
448
449
453
455
459
460
462
463
469
469
470
471
472
474
476
476
477
478
479
480
481
482
482
484
484
487
490
492
493
493
495
497
501
503
505
505
508
508
508
510
513
516
517
521
521
522
522
524
527
533
551
559
559
560
564
572
576
578
581
582
583
584
586
589
591
593
596
599
600
605
609
611
612
612
613
613
617
618
618
619
620
620
625
625
626
630
630
630
631
631
632
633
633
639
639
641
641
642
644
646
648
649
650
654
655
661
661
662
663
666
669
675
676
677
685
687
691
695
698
701
703
704
704
704
705
708
711
711
712
716
717
718
718
718
721
722
724
726
730
731
733
734
735
736
741
744
744
745
745
745
746
752
753
755
756
756
763
765
766
767
767
772
783
784
786
791
791
792
793
794
796
798
801
801
803
803
804
804
805
808
808
808
811
811
815
815
815
817
819
819
822
826
829
830
838
838
843
853
853
854
854
854
854
856
857
857
858
860
861
862
862
865
865
869
873
874
878
878
885
885
887
887
888
888
895
897
898
898
906
908
908
909
910
910
910
911
912
913
916
919
921
925
925
927
929
933
934
934
941
943
946
948
949
949
950
951
954
957
957
959
961
963
964
965
966
971
983
984
986
986
987
988
990
991
991
991
994
996
997
998
1004
1004
1008
1008
1010
1012
1018
1020
1023
1023
1025
1026
1026
1027
1028
1030
1030
1032
1032
1034
1034
1037
1038
1039
1039
1041
1044
1044
1049
1054
1060
1060
1060
1060
1065
1066
1066
1067
1068
1069
1069
1070
1072
1076
1076
1079
1080
1081
1082
1083
1084
1087
1094
1095
1096
1097
1098
1100
1101
1102
1105
1109
1109
1122
1126
1128
1133
1135
1138
1140
1146
1146
1150
1152
1153
1154
1155
1157
1158
1160
1161
1161
1162
1166
1167
1172
1176
1176
1177
1181
1183
1184
1187
1190
1191
1194
1194
1201
1201
1204
1208
1214
1214
1219
1226
1229
1229
1229
1231
1237
1237
1240
1244
1248
1249
1252
1252
1254
1254
1260
1261
1263
1265
1265
1266
1269
1269
1276
1276
1276
1277
1278
1279
1280
1281
1282
1283
1286
1288
1290
1291
1292
1293
1293
1293
1299
1303
1304
1305
1305
1306
1307
1308
1309
1309
1313
1314
1317
1318
1322
1322
1323
1324
1325
1326
1328
1328
1331
1331
1333
1334
1337
1339
1342
1344
1346
1348
1350
1351
1352
1355
1356
1356
1360
1362
1363
1365
1366
1367
1368
1369
1370
1370
1371
1371
1371
1373
1375
1378
1379
1389
1390
1391
1395
1398
1399
1401
1405
1406
1409
1410
1413
1415
1415
1416
1417
1418
1419
1421
1424
1429
1431
1432
1435
1435
1437
1441
1442
1443
1450
1452
1457
1458
1458
1460
1461
1463
1465
1465
1468
1469
1472
1473
1473
1474
1474
1480
1481
1481
1482
1487
1491
1497
1501
1501
1504
1505
1505
1507
1510
1512
1512
1514
1514
1514
1515
1516
1517
1521
1522
1530
1530
1532
1533
1534
1539
1539
1544
1546
1546
1546
1549
1555
1555
1557
1558
1558
1560
1562
1566
1566
1567
1580
1581
1582
1587
1592
1592
1599
1600
1608
1612
1613
1615
1616
1617
1619
1622
1622
1623
1624
1629
1633
1633
1633
1635
1636
1640
1640
1647
1651
1651
1651
1656
1657
1657
1660
1662
1662
1665
1667
1667
1670
1671
1673
1674
1676
1676
1677
1678
1680
1680
1680
1684
1685
1687
1689
1693
1697
1699
1700
1701
1702
1702
1703
1704
1705
1705
1707
1714
1716
1718
1719
1720
1722
1722
1727
1731
1734
1735
1741
1742
1747
1747
1748
1751
1752
1755
1758
1765
1766
1769
1769
1771
1772
1775
1775
1780
1782
1785
1787
1790
1795
1795
1798
1800
1800
1803
1803
1803
1804
1804
1806
1807
1810
1810
1812
1813
1814
1819
1821
1822
1824
1825
1826
1827
1829
1829
1831
1831
1831
1831
1833
1839
1842
1843
1844
1844
1846
1849
1849
1850
1853
1854
1854
1854
1857
1859
1860
1863
1867
1868
1869
1874
1876
1877
1877
1878
1880
1881
1889
1895
1896
1896
1899
1900
1900
1900
1904
1904
1909
1910
1910
1910
1910
1913
1916
1918
1926
1931
1941
1942
1945
1945
1945
1950
1952
1953
1954
1954
1955
1962
1963
1963
1966
1971
1974
1975
1975
1980
1981
1988
1990
1995
1996
1996
2002
2003
2006
2008
2008
2011
2014
2015
2017
2021
2023
2024
2026
2027
2028
2034
2035
2036
2038
2039
2043
2049
2051
2052
2055
2058
2059
2061
2062
2063
2063
2068
2068
2070
2070
2074
2077
2080
2080
2080
2080
2081
2082
2085
2087
2096
2097
2097
2098
2098
2098
2098
2099
2101
2101
2103
2103
2105
2105
2109
2109
2115
2115
2115
2119
2120
2122
2122
2124
2124
2126
2126
2128
2129
2131
2132
2133
2134
2137
2144
2146
2147
2151
2152
2154
2157
2160
2163
2164
2165
2166
2170
2170
2177
2180
2182
2183
2185
2186
2187
2187
2187
2187
2189
2189
2191
2194
2200
2203
2203
2205
2207
2211
2214
2218
2218
2218
2224
2225
2231
2231
2234
2235
2235
2235
2237
2239
2240
2241
2242
2247
2249
2255
2256
2257
2259
2260
2261
2261
2262
2265
2265
2267
2268
2271
2277
2279
2283
2283
2283
2284
2288
2289
2290
2294
2297
2297
2298
2298
2301
2302
2303
2304
2304
2307
2309
2310
2311
2311
2314
2315
2316
2318
2318
2319
2319
2321
2321
2324
2324
2328
2328
2328
2331
2335
2337
2338
2338
2338
2342
2343
2343
2344
2345
2345
2347
2348
2348
2350
2352
2354
2358
2361
2361
2362
2365
2371
2371
2372
2377
2378
2381
2384
2385
2389
2395
2396
2396
2398
2399
2404
2404
2411
2415
2418
2419
2423
2425
2427
2429
2431
2435
2437
2438
2439
2444
2445
2449
2453
2455
2456
2458
2469
2471
2472
2472
2473
2477
2477
2479
2480
2480
2481
2484
2486
2488
2490
2492
2494
2495
2497
2497
2497
2504
2509
2511
2512
2514
2516
2518
2524
2526
2530
2534
2537
2538
2541
2545
2546
2547
2548
2548
2553
2554
2557
2557
2559
2564
2564
2566
2567
2567
2570
2571
2572
2573
2575
2575
2576
2581
2581
2581
2583
2584
2586
2587
2591
2592
2592
2595
2596
2598
2605
2606
2608
2613
2613
2617
2621
2624
2625
2627
2628
2628
2629
2632
2632
2638
2643
2645
2647
2648
2650
2652
2652
2661
2668
2668
2671
2678
2680
2688
2692
2695
2697
2701
2703
2704
2704
2705
2707
2708
2708
2709
2712
2713
2718
2719
2720
2721
2723
2724
2725
2726
2729
2730
2730
2731
2731
2732
2732
2733
2735
2736
2739
2741
2743
2745
2745
2748
2751
2752
2753
2754
2758
2758
2765
2765
2765
2770
2772
2775
2775
2779
2783
2785
2786
2786
2787
2790
2791
2791
2791
2793
2794
2795
2795
2797
2797
2802
2803
2806
2806
2813
2814
2815
2820
2821
2822
2823
2826
2827
2830
2835
2837
2838
2838
2839
2839
2841
2842
2843
2845
2846
2846
2846
2848
2849
2853
2855
2855
2858
2861
2864
2865
2867
2867
2868
2870
2870
2874
2874
2880
2886
2886
2890
2891
2891
2892
2893
2893
2896
2896
2896
2897
2898
2900
2906
2907
2910
2913
2915
2918
2919
2919
2924
2924
2924
2925
2930
2934
2937
2938
2944
2945
2945
2945
2946
2946
2947
2949
2950
2953
2960
2961
2961
2967
2968
2969
2970
2971
2976
2977
2978
2981
2982
2983
2988
2991
2996
2997
2997
2998
2999
3000
3001
3002
3004
3008
3009
3009
3012
3014
3017
3018
3021
3026
3027
3027
3028
3034
3034
3035
3035
3035
3036
3040
3040
3047
3048
3049
3049
3049
3051
3052
3053
3055
3057
3063
3064
3064
3069
3070
3071
3071
3072
3073
3079
3079
3081
3082
3082
3082
3083
3084
3084
3086
3089
3091
3096
3096
3100
3102
3103
3103
3107
3108
3108
3112
3115
3115
3116
3118
3119
3121
3122
3125
3127
3128
3131
3132
3133
3136
3138
3139
3141
3145
3147
3149
3153
3160
3160
3161
3163
3168
3171
3171
3173
3173
3173
3178
3179
3182
3182
3184
3185
3186
3189
3194
3200
3202
3203
3203
3204
3204
3210
3210
3211
3216
3217
3219
3221
3222
3224
3228
3228
3230
3235
3235
3240
3246
3247
3247
3247
3249
3249
3254
3257
3261
3262
3265
3269
3270
3272
3273
3275
3284
3289
3291
3296
3303
3304
3304
3306
3306
3310
3313
3314
3316
3316
3319
3319
3320
3321
3323
3325
3332
3335
3336
3336
3341
3341
3342
3343
3343
3344
3344
3346
3354
3355
3357
3361
3363
3367
3368
3382
3382
3382
3385
3390
3395
3397
3397
3400
3400
3400
3406
3406
3406
3409
3409
3410
3410
3411
3412
3412
3414
3415
3416
3420
3420
3423
3423
3425
3426
3430
3430
3432
3433
3435
3440
3440
3441
3441
3442
3443
3450
3455
3456
3458
3460
3460
3462
3463
3464
3466
3468
3473
3473
3476
3478
3480
3480
3481
3482
3485
3485
3487
3488
3490
3493
3497
3502
3508
3510
3510
3515
3516
3518
3520
3520
3524
3525
3525
3527
3530
3535
3536
3537
3540
3541
3544
3544
3544
3544
3544
3545
3546
3554
3555
3556
3557
3559
3559
3560
3561
3564
3569
3574
3575
3579
3581
3581
3582
3583
3585
3585
3598
3598
3600
3601
3603
3604
3604
3606
3607
3608
3609
3609
3610
3611
3615
3617
3618
3622
3623
3624
3625
3629
3630
3631
3631
3632
3633
3635
3637
3637
3638
3641
3646
3647
3648
3650
3658
3666
3670
3670
3672
3674
3677
3677
3679
3681
3682
3683
3684
3685
3686
3688
3689
3692
3696
3698
3698
3699
3702
3704
3706
3708
3708
3709
3711
3716
3717
3726
3726
3729
3735
3737
3738
3739
3739
3739
3740
3745
3748
3749
3749
3750
3757
3759
3762
3766
3768
3770
3771
3773
3775
3776
3779
3780
3785
3788
3789
3794
3796
3797
3798
3803
3803
3804
3805
3805
3807
3810
3811
3812
3813
3816
3816
3820
3820
3821
3822
3824
3825
3825
3829
3834
3836
3836
3840
3841
3846
3848
3849
3852
3857
3859
3860
3865
3870
3871
3872
3872
3873
3874
3876
3879
3880
3889
3890
3892
3894
3894
3896
3897
3898
3898
3901
3902
3903
3903
3905
3906
3907
3907
3908
3911
3912
3913
3913
3913
3913
3916
3920
3920
3922
3925
3927
3929
3931
3932
3936
3937
3938
3941
3942
3943
3944
3946
3947
3948
3948
3950
3954
3955
3956
3961
3963
3966
3968
3968
3969
3970
3978
3981
3981
3982
3982
3983
3985
3987
3992
3996
3999
4001
4006
4011
4013
4015
4016
4017
4018
4020
4022
4029
4036
4036
4038
4039
4040
4041
4041
4042
4044
4047
4053
4054
4056
4060
4063
4066
4067
4071
4073
4076
4077
4077
4081
4083
4087
4089
4091
4095
4095
4095
4098
4100
4101
4103
4103
4103
4110
4112
4114
4119
4120
4120
4121
4121
4124
4124
4124
4124
4125
4127
4130
4130
4132
4132
4132
4134
4136
4139
4142
4144
4144
4149
4150
4152
4152
4157
4158
4159
4159
4166
4167
4169
4171
4175
4176
4180
4185
4190
4191
4191
4193
4194
4195
4195
4195
4198
4199
4199
4200
4203
4206
4206
4207
4208
4210
4211
4212
4212
4219
4219
4219
4220
4223
4226
4230
4233
4234
4234
4234
4236
4241
4242
4246
4247
4248
4248
4248
4250
4258
4258
4258
4265
4266
4267
4267
4268
4268
4269
4273
4277
4279
4284
4286
4287
4289
4289
4291
4291
4295
4299
4301
4302
4303
4303
4313
4314
4317
4320
4320
4321
4325
4327
4328
4329
4334
4335
4337
4339
4342
4342
4344
4348
4352
4355
4355
4356
4361
4368
4370
4373
4376
4376
4377
4378
4379
4383
4387
4388
4391
4392
4396
4397
4397
4398
4401
4401
4404
4406
4408
4408
4411
4412
4412
4417
4417
4421
4422
4424
4425
4433
4433
4434
4435
4437
4441
4442
4446
4447
4448
4450
4450
4451
4454
4455
4456
4456
4457
4457
4461
4464
4469
4471
4474
4477
4477
4478
4478
4480
4483
4484
4484
4486
4490
4490
4492
4493
4494
4496
4497
4500
4501
4508
4509
4509
4510
4513
4516
4525
4526
4526
4529
4530
4531
4532
4532
4533
4535
4535
4535
4536
4543
4544
4547
4548
4550
4550
4550
4553
4553
4553
4554
4555
4556
4556
4557
4561
4561
4563
4567
4567
4568
4569
4570
4571
4573
4574
4577
4577
4579
4580
4582
4582
4586
4586
4587
4587
4587
4589
4590
4591
4596
4597
4598
4600
4601
4606
4606
4607
4609
4609
4610
4610
4613
4613
4613
4617
4618
4618
4622
4622
4623
4624
4630
4632
4632
4634
4635
4635
4635
4639
4644
4645
4647
4647
4648
4649
4653
4660
4660
4660
4662
4665
4668
4670
4670
4671
4674
4683
4687
4688
4688
4689
4689
4689
4690
4694
4696
4702
4702
4711
4718
4725
4725
4730
4731
4734
4736
4736
4737
4738
4740
4740
4741
4742
4743
4744
4747
4747
4748
4748
4750
4751
4754
4756
4757
4758
4758
4758
4759
4763
4763
4764
4769
4770
4772
4774
4774
4779
4779
4782
4782
4783
4784
4786
4788
4788
4791
4793
4794
4795
4800
4802
4806
4813
4814
4815
4815
4829
4829
4831
4838
4842
4843
4844
4845
4847
4856
4858
4860
4862
4867
4867
4870
4872
4872
4877
4880
4881
4882
4883
4885
4886
4887
4887
4888
4889
4889
4891
4893
4893
4897
4900
4902
4904
4907
4908
4910
4910
4910
4914
4914
4916
4923
4923
4924
4928
4930
4930
4933
4933
4934
4935
4935
4936
4936
4936
4938
4939
4942
4942
4944
4948
4954
4955
4955
4958
4965
4966
4970
4970
4975
4977
4980
4983
4984
4985
4985
4985
4987
4989
4989
4993
4993
4994
5001
5004
5005
5009
5014
5015
5017
5017
5019
5020
5023
5025
5025
5026
5031
5032
5033
5034
5044
5049
5051
5052
5052
5054
5055
5058
5059
5060
5063
5065
5067
5069
5070
5071
5074
5075
5075
5079
5079
5083
5086
5091
5092
5092
5096
5099
5099
5099
5103
5103
5103
5106
5107
5114
5117
5120
5120
5123
5124
5125
5126
5127
5129
5130
5130
5131
5132
5133
5134
5135
5135
5136
5137
5139
5140
5141
5148
5149
5154
5157
5157
5159
5161
5163
5164
5169
5179
5182
5183
5183
5187
5191
5194
5199
5200
5202
5206
5207
5207
5208
5212
5213
5213
5216
5217
5219
5220
5220
5223
5225
5225
5226
5228
5228
5229
5229
5229
5231
5232
5233
5233
5237
5243
5244
5244
5246
5252
5257
5258
5258
5258
5259
5263
5263
5264
5267
5267
5268
5269
5270
5271
5273
5275
5277
5281
5285
5287
5288
5290
5290
5290
5292
5299
5300
5300
5303
5304
5305
5305
5306
5306
5307
5312
5313
5315
5316
5316
5317
5317
5318
5319
5319
5323
5325
5328
5330
5332
5334
5335
5338
5339
5345
5346
5347
5348
5349
5354
5357
5357
5358
5358
5368
5368
5371
5380
5380
5381
5382
5389
5390
5390
5390
5390
5392
5395
5396
5396
5398
5399
5401
5405
5409
5412
5413
5414
5415
5417
5418
5418
5419
5424
5425
5425
5425
5425
5429
5439
5440
5441
5441
5441
5442
5442
5443
5443
5444
5448
5452
5454
5455
5458
5463
5467
5469
5472
5472
5473
5473
5476
5481
5481
5485
5487
5488
5488
5490
5494
5499
5503
5503
5505
5515
5519
5520
5522
5525
5525
5526
5526
5529
5531
5531
5531
5533
5533
5533
5536
5537
5540
5540
5544
5546
5550
5552
5556
5556
5562
5565
5566
5567
5570
5570
5571
5574
5574
5581
5581
5582
5584
5589
5590
5594
5598
5603
5603
5610
5611
5616
5616
5616
5616
5618
5620
5624
5625
5631
5632
5632
5633
5634
5634
5635
5636
5637
5637
5642
5644
5646
5647
5653
5655
5657
5660
5660
5660
5661
5663
5670
5671
5672
5673
5673
5674
5678
5681
5681
5682
5682
5682
5682
5686
5689
5689
5690
5692
5693
5693
5698
5703
5707
5709
5710
5714
5718
5718
5720
5723
5724
5726
5726
5728
5729
5732
5732
5734
5734
5736
5738
5739
5743
5745
5751
5752
5753
5756
5760
5761
5768
5777
5779
5779
5781
5784
5785
5785
5792
5794
5795
5797
5800
5801
5801
5808
5810
5810
5810
5818
5822
5823
5824
5826
5827
5829
5832
5835
5836
5837
5840
5841
5846
5848
5849
5852
5852
5853
5854
5855
5857
5859
5859
5860
5861
5865
5868
5871
5874
5878
5879
5883
5885
5886
5887
5888
5888
5888
5889
5890
5891
5893
5896
5897
5899
5906
5907
5915
5919
5919
5922
5923
5924
5926
5926
5927
5928
5930
5931
5934
5935
5938
5941
5944
5945
5948
5950
5950
5954
5955
5956
5957
5958
5964
5967
5973
5974
5976
5976
5976
5976
5979
5981
5986
5986
5987
5987
5989
5990
5992
5994
5995
5995
5996
5996
5996
6000
6001
6006
6007
6008
6011
6014
6015
6015
6020
6022
6022
6027
6028
6029
6029
6030
6033
6034
6036
6040
6041
6042
6043
6043
6044
6045
6047
6053
6055
6057
6058
6063
6065
6065
6065
6068
6072
6072
6078
6078
6082
6084
6084
6089
6094
6096
6104
6104
6106
6107
6111
6114
6114
6121
6121
6124
6125
6126
6128
6130
6130
6132
6133
6135
6137
6137
6138
6139
6141
6144
6144
6144
6150
6152
6154
6154
6156
6156
6156
6160
6160
6160
6160
6161
6162
6169
6173
6178
6183
6191
6192
6192
6193
6194
6196
6196
6197
6198
6202
6205
6207
6208
6208
6215
6216
6216
6218
6218
6220
6221
6233
6234
6236
6244
6245
6246
6249
6250
6254
6261
6262
6264
6266
6267
6271
6273
6277
6280
6280
6281
6281
6283
6285
6285
6288
6290
6290
6291
6295
6296
6298
6302
6303
6303
6304
6304
6305
6310
6311
6314
6320
6326
6330
6331
6339
6341
6342
6346
6348
6352
6354
6354
6357
6357
6362
6362
6367
6368
6369
6370
6376
6377
6377
6381
6383
6386
6388
6390
6392
6394
6394
6396
6396
6397
6397
6399
6405
6407
6412
6412
6416
6418
6420
6421
6424
6425
6425
6425
6426
6428
6430
6432
6432
6432
6434
6436
6436
6438
6438
6438
6438
6440
6440
6442
6442
6443
6444
6446
6448
6451
6451
6452
6452
6453
6455
6455
6457
6457
6458
6460
6461
6462
6463
6467
6467
6469
6472
6472
6474
6474
6481
6481
6485
6488
6489
6491
6491
6492
6494
6496
6498
6498
6501
6503
6507
6508
6512
6515
6516
6517
6527
6528
6529
6530
6531
6533
6535
6537
6538
6538
6541
6541
6543
6544
6550
6553
6553
6553
6554
6554
6555
6557
6560
6562
6564
6571
6572
6575
6577
6577
6582
6589
6589
6590
6591
6593
6594
6599
6600
6601
6604
6609
6613
6614
6615
6620
6624
6627
6627
6629
6630
6631
6632
6634
6636
6638
6639
6639
6639
6641
6642
6644
6644
6646
6647
6649
6649
6650
6654
6663
6665
6669
6672
6673
6676
6676
6677
6679
6679
6679
6683
6684
6686
6692
6693
6697
6698
6703
6705
6706
6708
6708
6716
6716
6719
6721
6729
6730
6730
6730
6732
6735
6737
6739
6739
6740
6741
6746
6752
6753
6754
6756
6763
6764
6770
6772
6774
6774
6776
6778
6782
6782
6784
6785
6786
6786
6788
6791
6791
6791
6793
6796
6800
6801
6804
6812
6814
6815
6817
6818
6819
6819
6820
6823
6825
6825
6826
6830
6833
6834
6835
6838
6838
6839
6842
6842
6844
6844
6846
6848
6849
6849
6851
6851
6851
6853
6853
6856
6856
6857
6857
6857
6858
6859
6859
6859
6865
6870
6871
6872
6872
6875
6876
6876
6879
6881
6885
6886
6886
6887
6888
6890
6892
6893
6894
6896
6897
6901
6902
6902
6903
6908
6908
6909
6914
6922
6923
6923
6925
6928
6932
6933
6934
6936
6937
6943
6944
6946
6952
6952
6957
6958
6959
6963
6964
6965
6967
6969
6972
6973
6975
6975
6977
6985
6990
6992
6994
7002
7009
7009
7012
7013
7013
7014
7015
7017
7018
7018
7019
7019
7019
7022
7024
7024
7026
7028
7034
7035
7036
7040
7041
7042
7042
7044
7044
7051
7052
7058
7061
7062
7062
7068
7068
7069
7070
7071
7076
7077
7077
7080
7083
7084
7084
7087
7087
7089
7092
7095
7098
7101
7102
7104
7105
7106
7109
7112
7114
7117
7117
7118
7119
7121
7121
7121
7125
7125
7125
7129
7130
7132
7134
7138
7139
7140
7141
7145
7145
7149
7150
7151
7153
7155
7156
7161
7162
7165
7165
7168
7169
7174
7177
7179
7180
7180
7182
7182
7187
7187
7188
7188
7191
7192
7206
7212
7215
7215
7216
7216
7220
7223
7226
7227
7232
7232
7234
7235
7238
7239
7241
7242
7244
7245
7246
7250
7251
7256
7262
7266
7266
7270
7271
7274
7277
7278
7280
7285
7286
7286
7288
7289
7290
7291
7294
7294
7296
7298
7304
7307
7308
7309
7313
7313
7314
7314
7316
7323
7327
7327
7328
7328
7329
7331
7334
7336
7336
7337
7340
7341
7341
7341
7342
7345
7346
7346
7349
7353
7358
7365
7365
7366
7369
7370
7371
7372
7373
7374
7375
7376
7376
7378
7379
7380
7380
7385
7388
7392
7394
7395
7399
7400
7403
7405
7414
7415
7416
7417
7418
7422
7423
7424
7425
7435
7440
7441
7443
7445
7451
7455
7457
7460
7460
7465
7474
7476
7480
7481
7481
7481
7483
7483
7489
7496
7497
7498
7502
7503
7509
7510
7510
7511
7513
7514
7516
7519
7521
7525
7525
7525
7526
7529
7531
7532
7536
7539
7540
7541
7545
7545
7547
7549
7550
7551
7555
7555
7557
7559
7560
7564
7565
7569
7569
7569
7570
7571
7574
7575
7575
7575
7576
7576
7578
7580
7580
7583
7585
7585
7586
7586
7587
7591
7591
7594
7596
7602
7603
7605
7609
7609
7613
7615
7618
7618
7620
7621
7623
7623
7626
7627
7627
7629
7629
7636
7641
7642
7644
7649
7650
7651
7652
7655
7658
7662
7663
7663
7666
7666
7667
7670
7674
7675
7681
7682
7683
7695
7696
7697
7698
7698
7699
7701
7702
7703
7704
7705
7706
7708
7712
7715
7715
7718
7719
7721
7722
7723
7724
7727
7727
7730
7731
7733
7734
7735
7737
7737
7744
7745
7747
7747
7750
7752
7754
7760
7760
7762
7763
7763
7769
7773
7774
7775
7776
7778
7779
7780
7789
7790
7790
7791
7793
7794
7795
7796
7797
7798
7803
7805
7806
7808
7808
7809
7811
7813
7813
7814
7815
7816
7820
7823
7826
7829
7830
7834
7835
7836
7838
7840
7841
7845
7846
7849
7850
7850
7850
7854
7854
7855
7855
7856
7860
7861
7862
7862
7863
7863
7865
7868
7869
7871
7871
7875
7875
7876
7878
7878
7880
7881
7881
7881
7882
7884
7887
7890
7894
7896
7896
7900
7901
7902
7905
7906
7907
7907
7910
7910
7912
7913
7915
7916
7923
7925
7927
7928
7929
7929
7930
7931
7934
7936
7937
7940
7943
7943
7947
7947
7948
7948
7948
7952
7957
7957
7960
7962
7964
7965
7966
7968
7970
7970
7973
7973
7974
7974
7976
7976
7978
7978
7980
7981
7981
7983
7983
7984
7984
7985
7987
7988
7993
7993
7995
7998
8002
8003
8005
8007
8017
8018
8025
8026
8031
8032
8036
8036
8039
8040
8041
8041
8041
8042
8044
8047
8056
8060
8061
8061
8062
8065
8066
8073
8074
8077
8077
8078
8078
8079
8081
8084
8094
8095
8100
8103
8105
8107
8107
8107
8114
8117
8118
8119
8126
8126
8126
8138
8138
8140
8145
8148
8149
8152
8152
8153
8159
8160
8162
8169
8170
8173
8174
8174
8175
8175
8178
8183
8183
8184
8193
8194
8194
8195
8197
8197
8198
8199
8205
8207
8209
8210
8211
8211
8212
8214
8215
8219
8219
8219
8220
8220
8223
8227
8229
8232
8236
8236
8238
8239
8239
8240
8240
8245
8246
8246
8247
8254
8255
8260
8262
8262
8264
8267
8269
8271
8277
8278
8279
8280
8282
8282
8291
8292
8293
8299
8304
8305
8305
8308
8308
8312
8312
8316
8317
8318
8320
8321
8325
8326
8327
8327
8328
8330
8331
8333
8333
8335
8340
8340
8341
8341
8343
8345
8345
8349
8350
8351
8355
8362
8363
8364
8366
8372
8375
8376
8376
8378
8382
8384
8386
8386
8387
8392
8392
8393
8393
8393
8394
8398
8400
8406
8406
8407
8415
8416
8416
8417
8417
8417
8422
8422
8422
8424
8425
8425
8431
8432
8438
8438
8441
8441
8441
8442
8443
8444
8447
8448
8448
8449
8453
8454
8454
8455
8456
8459
8463
8464
8467
8467
8468
8469
8470
8470
8471
8476
8480
8483
8487
8496
8497
8503
8505
8508
8508
8511
8512
8513
8518
8519
8519
8519
8522
8523
8525
8526
8533
8535
8536
8537
8538
8538
8543
8544
8544
8546
8548
8548
8551
8557
8558
8561
8563
8568
8569
8569
8572
8575
8575
8575
8578
8579
8579
8580
8584
8585
8585
8589
8590
8590
8592
8592
8596
8596
8597
8598
8598
8599
8601
8602
8602
8606
8606
8608
8613
8615
8615
8618
8618
8619
8623
8626
8630
8631
8631
8633
8637
8640
8642
8643
8644
8648
8648
8649
8649
8651
8651
8663
8663
8665
8666
8667
8668
8672
8674
8675
8676
8677
8679
8679
8680
8681
8682
8686
8686
8687
8687
8687
8690
8694
8695
8695
8695
8696
8697
8697
8700
8702
8706
8707
8709
8709
8710
8712
8713
8714
8718
8718
8719
8722
8722
8727
8731
8733
8734
8735
8735
8737
8739
8740
8745
8745
8748
8748
8749
8750
8750
8751
8755
8757
8758
8761
8761
8761
8761
8762
8764
8766
8769
8772
8774
8775
8775
8777
8782
8785
8786
8791
8792
8793
8795
8796
8796
8797
8800
8801
8803
8812
8814
8815
8824
8825
8826
8830
8831
8831
8833
8837
8838
8839
8853
8853
8856
8857
8857
8858
8860
8862
8864
8864
8864
8866
8868
8870
8879
8882
8886
8889
8891
8891
8894
8895
8896
8899
8899
8899
8899
8900
8900
8901
8902
8902
8906
8911
8911
8915
8915
8919
8921
8922
8931
8934
8935
8937
8937
8938
8940
8942
8947
8949
8952
8954
8954
8960
8961
8962
8962
8963
8964
8964
8965
8966
8966
8968
8968
8970
8971
8974
8980
8982
8982
8982
8983
8983
8984
8984
8986
8987
8987
8988
8993
8996
8996
8997
9000
9003
9003
9007
9011
9015
9015
9018
9018
9019
9024
9031
9032
9033
9036
9037
9042
9044
9050
9052
9053
9054
9055
9056
9057
9057
9059
9060
9064
9064
9069
9070
9071
9071
9076
9077
9078
9079
9082
9083
9088
9093
9094
9095
9096
9097
9101
9106
9109
9110
9111
9113
9114
9116
9117
9119
9119
9122
9122
9130
9136
9137
9138
9138
9143
9145
9150
9153
9155
9156
9157
9162
9163
9166
9167
9172
9177
9178
9179
9180
9182
9185
9190
9191
9193
9193
9196
9200
9202
9204
9208
9208
9211
9212
9215
9215
9216
9224
9225
9227
9232
9234
9235
9236
9238
9240
9244
9245
9249
9249
9252
9252
9253
9259
9260
9262
9263
9264
9267
9267
9269
9269
9270
9274
9277
9279
9279
9282
9286
9289
9296
9297
9299
9302
9305
9306
9311
9312
9314
9314
9318
9319
9324
9330
9330
9337
9338
9338
9339
9339
9340
9342
9342
9344
9348
9351
9356
9357
9358
9360
9361
9365
9365
9367
9367
9368
9368
9369
9376
9376
9378
9383
9385
9386
9387
9387
9389
9389
9392
9393
9396
9401
9403
9405
9405
9406
9407
9410
9410
9412
9414
9414
9416
9417
9418
9420
9424
9424
9425
9426
9432
9435
9437
9449
9450
9454
9457
9457
9459
9469
9472
9481
9485
9486
9490
9498
9503
9506
9506
9510
9515
9516
9517
9520
9524
9529
9530
9536
9537
9537
9541
9541
9542
9544
9545
9547
9548
9549
9550
9553
9554
9556
9556
9558
9559
9559
9561
9565
9568
9575
9576
9576
9577
9578
9579
9583
9585
9586
9589
9590
9591
9594
9594
9595
9595
9596
9596
9601
9604
9604
9605
9608
9611
9613
9615
9616
9617
9619
9619
9622
9623
9623
9626
9628
9630
9630
9631
9634
9637
9641
9643
9650
9651
9654
9655
9656
9658
9658
9663
9665
9667
9669
9674
9676
9680
9681
9683
9685
9687
9687
9692
9696
9698
9699
9701
9703
9708
9708
9709
9710
9710
9712
9716
9716
9718
9722
9723
9723
9723
9725
9730
9732
9733
9733
9735
9736
9739
9739
9754
9756
9758
9760
9764
9765
9768
9770
9772
9776
9776
9780
9781
9782
9785
9786
9787
9787
9788
9789
9793
9799
9801
9801
9802
9802
9802
9803
9813
9817
9820
9823
9825
9830
9831
9831
9832
9832
9833
9835
9835
9839
9842
9842
9843
9845
9846
9847
9849
9851
9854
9856
9856
9856
9861
9864
9868
9868
9871
9871
9872
9874
9878
9878
9883
9883
9885
9886
9888
9888
9891
9892
9899
9899
9900
9903
9903
9905
9907
9910
9910
9913
9913
9915
9916
9919
9921
9924
9925
9925
9925
9927
9931
9931
9932
9933
9940
9940
9943
9946
9947
9949
9950
9955
9956
9957
9958
9962
9963
9966
9968
9971
9972
9972
9985
9987
9987
9988
9990
9993
9995
