10000
9995
9993
9990
9988
9987
9987
9985
9972
9972
9971
9968
9966
9963
9962
9958
9957
9956
9955
9950
9949
9947
9946
9943
9940
9940
9933
9932
9931
9931
9927
9925
9925
9925
9924
9921
9919
9916
9915
9913
9913
9910
9910
9907
9905
9903
9903
9900
9899
9899
9892
9891
9888
9888
9886
9885
9883
9883
9878
9878
9874
9872
9871
9871
9868
9868
9864
9861
9856
9856
9856
9854
9851
9849
9847
9846
9845
9843
9842
9842
9839
9835
9835
9833
9832
9832
9831
9831
9830
9825
9823
9820
9817
9813
9803
9802
9802
9802
9801
9801
9799
9793
9789
9788
9787
9787
9786
9785
9782
9781
9780
9776
9776
9772
9770
9768
9765
9764
9760
9758
9756
9754
9739
9739
9736
9735
9733
9733
9732
9730
9725
9723
9723
9723
9722
9718
9716
9716
9712
9710
9710
9709
9708
9708
9703
9701
9699
9698
9696
9692
9687
9687
9685
9683
9681
9680
9676
9674
9669
9667
9665
9663
9658
9658
9656
9655
9654
9651
9650
9643
9641
9637
9634
9631
9630
9630
9628
9626
9623
9623
9622
9619
9619
9617
9616
9615
9613
9611
9608
9605
9604
9604
9601
9596
9596
9595
9595
9594
9594
9591
9590
9589
9586
9585
9583
9579
9578
9577
9576
9576
9575
9568
9565
9561
9559
9559
9558
9556
9556
9554
9553
9550
9549
9548
9547
9545
9544
9542
9541
9541
9537
9537
9536
9530
9529
9524
9520
9517
9516
9515
9510
9506
9506
9503
9498
9490
9486
9485
9481
9472
9469
9459
9457
9457
9454
9450
9449
9437
9435
9432
9426
9425
9424
9424
9420
9418
9417
9416
9414
9414
9412
9410
9410
9407
9406
9405
9405
9403
9401
9396
9393
9392
9389
9389
9387
9387
9386
9385
9383
9378
9376
9376
9369
9368
9368
9367
9367
9365
9365
9361
9360
9358
9357
9356
9351
9348
9344
9342
9342
9340
9339
9339
9338
9338
9337
9330
9330
9324
9319
9318
9314
9314
9312
9311
9306
9305
9302
9299
9297
9296
9289
9286
9282
9279
9279
9277
9274
9270
9269
9269
9267
9267
9264
9263
9262
9260
9259
9253
9252
9252
9249
9249
9245
9244
9240
9238
9236
9235
9234
9232
9227
9225
9224
9216
9215
9215
9212
9211
9208
9208
9204
9202
9200
9196
9193
9193
9191
9190
9185
9182
9180
9179
9178
9177
9172
9167
9166
9163
9162
9157
9156
9155
9153
9150
9145
9143
9138
9138
9137
9136
9130
9122
9122
9119
9119
9117
9116
9114
9113
9111
9110
9109
9106
9101
9097
9096
9095
9094
9093
9088
9083
9082
9079
9078
9077
9076
9071
9071
9070
9069
9064
9064
9060
9059
9057
9057
9056
9055
9054
9053
9052
9050
9044
9042
9037
9036
9033
9032
9031
9024
9019
9018
9018
9015
9015
9011
9007
9003
9003
9000
8997
8996
8996
8993
8988
8987
8987
8986
8984
8984
8983
8983
8982
8982
8982
8980
8974
8971
8970
8968
8968
8966
8966
8965
8964
8964
8963
8962
8962
8961
8960
8954
8954
8952
8949
8947
8942
8940
8938
8937
8937
8935
8934
8931
8922
8921
8919
8915
8915
8911
8911
8906
8902
8902
8901
8900
8900
8899
8899
8899
8899
8896
8895
8894
8891
8891
8889
8886
8882
8879
8870
8868
8866
8864
8864
8864
8862
8860
8858
8857
8857
8856
8853
8853
8839
8838
8837
8833
8831
8831
8830
8826
8825
8824
8815
8814
8812
8803
8801
8800
8797
8796
8796
8795
8793
8792
8791
8786
8785
8782
8777
8775
8775
8774
8772
8769
8766
8764
8762
8761
8761
8761
8761
8758
8757
8755
8751
8750
8750
8749
8748
8748
8745
8745
8740
8739
8737
8735
8735
8734
8733
8731
8727
8722
8722
8719
8718
8718
8714
8713
8712
8710
8709
8709
8707
8706
8702
8700
8697
8697
8696
8695
8695
8695
8694
8690
8687
8687
8687
8686
8686
8682
8681
8680
8679
8679
8677
8676
8675
8674
8672
8668
8667
8666
8665
8663
8663
8651
8651
8649
8649
8648
8648
8644
8643
8642
8640
8637
8633
8631
8631
8630
8626
8623
8619
8618
8618
8615
8615
8613
8608
8606
8606
8602
8602
8601
8599
8598
8598
8597
8596
8596
8592
8592
8590
8590
8589
8585
8585
8584
8580
8579
8579
8578
8575
8575
8575
8572
8569
8569
8568
8563
8561
8558
8557
8551
8548
8548
8546
8544
8544
8543
8538
8538
8537
8536
8535
8533
8526
8525
8523
8522
8519
8519
8519
8518
8513
8512
8511
8508
8508
8505
8503
8497
8496
8487
8483
8480
8476
8471
8470
8470
8469
8468
8467
8467
8464
8463
8459
8456
8455
8454
8454
8453
8449
8448
8448
8447
8444
8443
8442
8441
8441
8441
8438
8438
8432
8431
8425
8425
8424
8422
8422
8422
8417
8417
8417
8416
8416
8415
8407
8406
8406
8400
8398
8394
8393
8393
8393
8392
8392
8387
8386
8386
8384
8382
8378
8376
8376
8375
8372
8366
8364
8363
8362
8355
8351
8350
8349
8345
8345
8343
8341
8341
8340
8340
8335
8333
8333
8331
8330
8328
8327
8327
8326
8325
8321
8320
8318
8317
8316
8312
8312
8308
8308
8305
8305
8304
8299
8293
8292
8291
8282
8282
8280
8279
8278
8277
8271
8269
8267
8264
8262
8262
8260
8255
8254
8247
8246
8246
8245
8240
8240
8239
8239
8238
8236
8236
8232
8229
8227
8223
8220
8220
8219
8219
8219
8215
8214
8212
8211
8211
8210
8209
8207
8205
8199
8198
8197
8197
8195
8194
8194
8193
8184
8183
8183
8178
8175
8175
8174
8174
8173
8170
8169
8162
8160
8159
8153
8152
8152
8149
8148
8145
8140
8138
8138
8126
8126
8126
8119
8118
8117
8114
8107
8107
8107
8105
8103
8100
8095
8094
8084
8081
8079
8078
8078
8077
8077
8074
8073
8066
8065
8062
8061
8061
8060
8056
8047
8044
8042
8041
8041
8041
8040
8039
8036
8036
8032
8031
8026
8025
8018
8017
8007
8005
8003
8002
7998
7995
7993
7993
7988
7987
7985
7984
7984
7983
7983
7981
7981
7980
7978
7978
7976
7976
7974
7974
7973
7973
7970
7970
7968
7966
7965
7964
7962
7960
7957
7957
7952
7948
7948
7948
7947
7947
7943
7943
7940
7937
7936
7934
7931
7930
7929
7929
7928
7927
7925
7923
7916
7915
7913
7912
7910
7910
7907
7907
7906
7905
7902
7901
7900
7896
7896
7894
7890
7887
7884
7882
7881
7881
7881
7880
7878
7878
7876
7875
7875
7871
7871
7869
7868
7865
7863
7863
7862
7862
7861
7860
7856
7855
7855
7854
7854
7850
7850
7850
7849
7846
7845
7841
7840
7838
7836
7835
7834
7830
7829
7826
7823
7820
7816
7815
7814
7813
7813
7811
7809
7808
7808
7806
7805
7803
7798
7797
7796
7795
7794
7793
7791
7790
7790
7789
7780
7779
7778
7776
7775
7774
7773
7769
7763
7763
7762
7760
7760
7754
7752
7750
7747
7747
7745
7744
7737
7737
7735
7734
7733
7731
7730
7727
7727
7724
7723
7722
7721
7719
7718
7715
7715
7712
7708
7706
7705
7704
7703
7702
7701
7699
7698
7698
7697
7696
7695
7683
7682
7681
7675
7674
7670
7667
7666
7666
7663
7663
7662
7658
7655
7652
7651
7650
7649
7644
7642
7641
7636
7629
7629
7627
7627
7626
7623
7623
7621
7620
7618
7618
7615
7613
7609
7609
7605
7603
7602
7596
7594
7591
7591
7587
7586
7586
7585
7585
7583
7580
7580
7578
7576
7576
7575
7575
7575
7574
7571
7570
7569
7569
7569
7565
7564
7560
7559
7557
7555
7555
7551
7550
7549
7547
7545
7545
7541
7540
7539
7536
7532
7531
7529
7526
7525
7525
7525
7521
7519
7516
7514
7513
7511
7510
7510
7509
7503
7502
7498
7497
7496
7489
7483
7483
7481
7481
7481
7480
7476
7474
7465
7460
7460
7457
7455
7451
7445
7443
7441
7440
7435
7425
7424
7423
7422
7418
7417
7416
7415
7414
7405
7403
7400
7399
7395
7394
7392
7388
7385
7380
7380
7379
7378
7376
7376
7375
7374
7373
7372
7371
7370
7369
7366
7365
7365
7358
7353
7349
7346
7346
7345
7342
7341
7341
7341
7340
7337
7336
7336
7334
7331
7329
7328
7328
7327
7327
7323
7316
7314
7314
7313
7313
7309
7308
7307
7304
7298
7296
7294
7294
7291
7290
7289
7288
7286
7286
7285
7280
7278
7277
7274
7271
7270
7266
7266
7262
7256
7251
7250
7246
7245
7244
7242
7241
7239
7238
7235
7234
7232
7232
7227
7226
7223
7220
7216
7216
7215
7215
7212
7206
7192
7191
7188
7188
7187
7187
7182
7182
7180
7180
7179
7177
7174
7169
7168
7165
7165
7162
7161
7156
7155
7153
7151
7150
7149
7145
7145
7141
7140
7139
7138
7134
7132
7130
7129
7125
7125
7125
7121
7121
7121
7119
7118
7117
7117
7114
7112
7109
7106
7105
7104
7102
7101
7098
7095
7092
7089
7087
7087
7084
7084
7083
7080
7077
7077
7076
7071
7070
7069
7068
7068
7062
7062
7061
7058
7052
7051
7044
7044
7042
7042
7041
7040
7036
7035
7034
7028
7026
7024
7024
7022
7019
7019
7019
7018
7018
7017
7015
7014
7013
7013
7012
7009
7009
7002
6994
6992
6990
6985
6977
6975
6975
6973
6972
6969
6967
6965
6964
6963
6959
6958
6957
6952
6952
6946
6944
6943
6937
6936
6934
6933
6932
6928
6925
6923
6923
6922
6914
6909
6908
6908
6903
6902
6902
6901
6897
6896
6894
6893
6892
6890
6888
6887
6886
6886
6885
6881
6879
6876
6876
6875
6872
6872
6871
6870
6865
6859
6859
6859
6858
6857
6857
6857
6856
6856
6853
6853
6851
6851
6851
6849
6849
6848
6846
6844
6844
6842
6842
6839
6838
6838
6835
6834
6833
6830
6826
6825
6825
6823
6820
6819
6819
6818
6817
6815
6814
6812
6804
6801
6800
6796
6793
6791
6791
6791
6788
6786
6786
6785
6784
6782
6782
6778
6776
6774
6774
6772
6770
6764
6763
6756
6754
6753
6752
6746
6741
6740
6739
6739
6737
6735
6732
6730
6730
6730
6729
6721
6719
6716
6716
6708
6708
6706
6705
6703
6698
6697
6693
6692
6686
6684
6683
6679
6679
6679
6677
6676
6676
6673
6672
6669
6665
6663
6654
6650
6649
6649
6647
6646
6644
6644
6642
6641
6639
6639
6639
6638
6636
6634
6632
6631
6630
6629
6627
6627
6624
6620
6615
6614
6613
6609
6604
6601
6600
6599
6594
6593
6591
6590
6589
6589
6582
6577
6577
6575
6572
6571
6564
6562
6560
6557
6555
6554
6554
6553
6553
6553
6550
6544
6543
6541
6541
6538
6538
6537
6535
6533
6531
6530
6529
6528
6527
6517
6516
6515
6512
6508
6507
6503
6501
6498
6498
6496
6494
6492
6491
6491
6489
6488
6485
6481
6481
6474
6474
6472
6472
6469
6467
6467
6463
6462
6461
6460
6458
6457
6457
6455
6455
6453
6452
6452
6451
6451
6448
6446
6444
6443
6442
6442
6440
6440
6438
6438
6438
6438
6436
6436
6434
6432
6432
6432
6430
6428
6426
6425
6425
6425
6424
6421
6420
6418
6416
6412
6412
6407
6405
6399
6397
6397
6396
6396
6394
6394
6392
6390
6388
6386
6383
6381
6377
6377
6376
6370
6369
6368
6367
6362
6362
6357
6357
6354
6354
6352
6348
6346
6342
6341
6339
6331
6330
6326
6320
6314
6311
6310
6305
6304
6304
6303
6303
6302
6298
6296
6295
6291
6290
6290
6288
6285
6285
6283
6281
6281
6280
6280
6277
6273
6271
6267
6266
6264
6262
6261
6254
6250
6249
6246
6245
6244
6236
6234
6233
6221
6220
6218
6218
6216
6216
6215
6208
6208
6207
6205
6202
6198
6197
6196
6196
6194
6193
6192
6192
6191
6183
6178
6173
6169
6162
6161
6160
6160
6160
6160
6156
6156
6156
6154
6154
6152
6150
6144
6144
6144
6141
6139
6138
6137
6137
6135
6133
6132
6130
6130
6128
6126
6125
6124
6121
6121
6114
6114
6111
6107
6106
6104
6104
6096
6094
6089
6084
6084
6082
6078
6078
6072
6072
6068
6065
6065
6065
6063
6058
6057
6055
6053
6047
6045
6044
6043
6043
6042
6041
6040
6036
6034
6033
6030
6029
6029
6028
6027
6022
6022
6020
6015
6015
6014
6011
6008
6007
6006
6001
6000
5996
5996
5996
5995
5995
5994
5992
5990
5989
5987
5987
5986
5986
5981
5979
5976
5976
5976
5976
5974
5973
5967
5964
5958
5957
5956
5955
5954
5950
5950
5948
5945
5944
5941
5938
5935
5934
5931
5930
5928
5927
5926
5926
5924
5923
5922
5919
5919
5915
5907
5906
5899
5897
5896
5893
5891
5890
5889
5888
5888
5888
5887
5886
5885
5883
5879
5878
5874
5871
5868
5865
5861
5860
5859
5859
5857
5855
5854
5853
5852
5852
5849
5848
5846
5841
5840
5837
5836
5835
5832
5829
5827
5826
5824
5823
5822
5818
5810
5810
5810
5808
5801
5801
5800
5797
5795
5794
5792
5785
5785
5784
5781
5779
5779
5777
5768
5761
5760
5756
5753
5752
5751
5745
5743
5739
5738
5736
5734
5734
5732
5732
5729
5728
5726
5726
5724
5723
5720
5718
5718
5714
5710
5709
5707
5703
5698
5693
5693
5692
5690
5689
5689
5686
5682
5682
5682
5682
5681
5681
5678
5674
5673
5673
5672
5671
5670
5663
5661
5660
5660
5660
5657
5655
5653
5647
5646
5644
5642
5637
5637
5636
5635
5634
5634
5633
5632
5632
5631
5625
5624
5620
5618
5616
5616
5616
5616
5611
5610
5603
5603
5598
5594
5590
5589
5584
5582
5581
5581
5574
5574
5571
5570
5570
5567
5566
5565
5562
5556
5556
5552
5550
5546
5544
5540
5540
5537
5536
5533
5533
5533
5531
5531
5531
5529
5526
5526
5525
5525
5522
5520
5519
5515
5505
5503
5503
5499
5494
5490
5488
5488
5487
5485
5481
5481
5476
5473
5473
5472
5472
5469
5467
5463
5458
5455
5454
5452
5448
5444
5443
5443
5442
5442
5441
5441
5441
5440
5439
5429
5425
5425
5425
5425
5424
5419
5418
5418
5417
5415
5414
5413
5412
5409
5405
5401
5399
5398
5396
5396
5395
5392
5390
5390
5390
5390
5389
5382
5381
5380
5380
5371
5368
5368
5358
5358
5357
5357
5354
5349
5348
5347
5346
5345
5339
5338
5335
5334
5332
5330
5328
5325
5323
5319
5319
5318
5317
5317
5316
5316
5315
5313
5312
5307
5306
5306
5305
5305
5304
5303
5300
5300
5299
5292
5290
5290
5290
5288
5287
5285
5281
5277
5275
5273
5271
5270
5269
5268
5267
5267
5264
5263
5263
5259
5258
5258
5258
5257
5252
5246
5244
5244
5243
5237
5233
5233
5232
5231
5229
5229
5229
5228
5228
5226
5225
5225
5223
5220
5220
5219
5217
5216
5213
5213
5212
5208
5207
5207
5206
5202
5200
5199
5194
5191
5187
5183
5183
5182
5179
5169
5164
5163
5161
5159
5157
5157
5154
5149
5148
5141
5140
5139
5137
5136
5135
5135
5134
5133
5132
5131
5130
5130
5129
5127
5126
5125
5124
5123
5120
5120
5117
5114
5107
5106
5103
5103
5103
5099
5099
5099
5096
5092
5092
5091
5086
5083
5079
5079
5075
5075
5074
5071
5070
5069
5067
5065
5063
5060
5059
5058
5055
5054
5052
5052
5051
5049
5044
5034
5033
5032
5031
5026
5025
5025
5023
5020
5019
5017
5017
5015
5014
5009
5005
5004
5001
4994
4993
4993
4989
4989
4987
4985
4985
4985
4984
4983
4980
4977
4975
4970
4970
4966
4965
4958
4955
4955
4954
4948
4944
4942
4942
4939
4938
4936
4936
4936
4935
4935
4934
4933
4933
4930
4930
4928
4924
4923
4923
4916
4914
4914
4910
4910
4910
4908
4907
4904
4902
4900
4897
4893
4893
4891
4889
4889
4888
4887
4887
4886
4885
4883
4882
4881
4880
4877
4872
4872
4870
4867
4867
4862
4860
4858
4856
4847
4845
4844
4843
4842
4838
4831
4829
4829
4815
4815
4814
4813
4806
4802
4800
4795
4794
4793
4791
4788
4788
4786
4784
4783
4782
4782
4779
4779
4774
4774
4772
4770
4769
4764
4763
4763
4759
4758
4758
4758
4757
4756
4754
4751
4750
4748
4748
4747
4747
4744
4743
4742
4741
4740
4740
4738
4737
4736
4736
4734
4731
4730
4725
4725
4718
4711
4702
4702
4696
4694
4690
4689
4689
4689
4688
4688
4687
4683
4674
4671
4670
4670
4668
4665
4662
4660
4660
4660
4653
4649
4648
4647
4647
4645
4644
4639
4635
4635
4635
4634
4632
4632
4630
4624
4623
4622
4622
4618
4618
4617
4613
4613
4613
4610
4610
4609
4609
4607
4606
4606
4601
4600
4598
4597
4596
4591
4590
4589
4587
4587
4587
4586
4586
4582
4582
4580
4579
4577
4577
4574
4573
4571
4570
4569
4568
4567
4567
4563
4561
4561
4557
4556
4556
4555
4554
4553
4553
4553
4550
4550
4550
4548
4547
4544
4543
4536
4535
4535
4535
4533
4532
4532
4531
4530
4529
4526
4526
4525
4516
4513
4510
4509
4509
4508
4501
4500
4497
4496
4494
4493
4492
4490
4490
4486
4484
4484
4483
4480
4478
4478
4477
4477
4474
4471
4469
4464
4461
4457
4457
4456
4456
4455
4454
4451
4450
4450
4448
4447
4446
4442
4441
4437
4435
4434
4433
4433
4425
4424
4422
4421
4417
4417
4412
4412
4411
4408
4408
4406
4404
4401
4401
4398
4397
4397
4396
4392
4391
4388
4387
4383
4379
4378
4377
4376
4376
4373
4370
4368
4361
4356
4355
4355
4352
4348
4344
4342
4342
4339
4337
4335
4334
4329
4328
4327
4325
4321
4320
4320
4317
4314
4313
4303
4303
4302
4301
4299
4295
4291
4291
4289
4289
4287
4286
4284
4279
4277
4273
4269
4268
4268
4267
4267
4266
4265
4258
4258
4258
4250
4248
4248
4248
4247
4246
4242
4241
4236
4234
4234
4234
4233
4230
4226
4223
4220
4219
4219
4219
4212
4212
4211
4210
4208
4207
4206
4206
4203
4200
4199
4199
4198
4195
4195
4195
4194
4193
4191
4191
4190
4185
4180
4176
4175
4171
4169
4167
4166
4159
4159
4158
4157
4152
4152
4150
4149
4144
4144
4142
4139
4136
4134
4132
4132
4132
4130
4130
4127
4125
4124
4124
4124
4124
4121
4121
4120
4120
4119
4114
4112
4110
4103
4103
4103
4101
4100
4098
4095
4095
4095
4091
4089
4087
4083
4081
4077
4077
4076
4073
4071
4067
4066
4063
4060
4056
4054
4053
4047
4044
4042
4041
4041
4040
4039
4038
4036
4036
4029
4022
4020
4018
4017
4016
4015
4013
4011
4006
4001
3999
3996
3992
3987
3985
3983
3982
3982
3981
3981
3978
3970
3969
3968
3968
3966
3963
3961
3956
3955
3954
3950
3948
3948
3947
3946
3944
3943
3942
3941
3938
3937
3936
3932
3931
3929
3927
3925
3922
3920
3920
3916
3913
3913
3913
3913
3912
3911
3908
3907
3907
3906
3905
3903
3903
3902
3901
3898
3898
3897
3896
3894
3894
3892
3890
3889
3880
3879
3876
3874
3873
3872
3872
3871
3870
3865
3860
3859
3857
3852
3849
3848
3846
3841
3840
3836
3836
3834
3829
3825
3825
3824
3822
3821
3820
3820
3816
3816
3813
3812
3811
3810
3807
3805
3805
3804
3803
3803
3798
3797
3796
3794
3789
3788
3785
3780
3779
3776
3775
3773
3771
3770
3768
3766
3762
3759
3757
3750
3749
3749
3748
3745
3740
3739
3739
3739
3738
3737
3735
3729
3726
3726
3717
3716
3711
3709
3708
3708
3706
3704
3702
3699
3698
3698
3696
3692
3689
3688
3686
3685
3684
3683
3682
3681
3679
3677
3677
3674
3672
3670
3670
3666
3658
3650
3648
3647
3646
3641
3638
3637
3637
3635
3633
3632
3631
3631
3630
3629
3625
3624
3623
3622
3618
3617
3615
3611
3610
3609
3609
3608
3607
3606
3604
3604
3603
3601
3600
3598
3598
3585
3585
3583
3582
3581
3581
3579
3575
3574
3569
3564
3561
3560
3559
3559
3557
3556
3555
3554
3546
3545
3544
3544
3544
3544
3544
3541
3540
3537
3536
3535
3530
3527
3525
3525
3524
3520
3520
3518
3516
3515
3510
3510
3508
3502
3497
3493
3490
3488
3487
3485
3485
3482
3481
3480
3480
3478
3476
3473
3473
3468
3466
3464
3463
3462
3460
3460
3458
3456
3455
3450
3443
3442
3441
3441
3440
3440
3435
3433
3432
3430
3430
3426
3425
3423
3423
3420
3420
3416
3415
3414
3412
3412
3411
3410
3410
3409
3409
3406
3406
3406
3400
3400
3400
3397
3397
3395
3390
3385
3382
3382
3382
3368
3367
3363
3361
3357
3355
3354
3346
3344
3344
3343
3343
3342
3341
3341
3336
3336
3335
3332
3325
3323
3321
3320
3319
3319
3316
3316
3314
3313
3310
3306
3306
3304
3304
3303
3296
3291
3289
3284
3275
3273
3272
3270
3269
3265
3262
3261
3257
3254
3249
3249
3247
3247
3247
3246
3240
3235
3235
3230
3228
3228
3224
3222
3221
3219
3217
3216
3211
3210
3210
3204
3204
3203
3203
3202
3200
3194
3189
3186
3185
3184
3182
3182
3179
3178
3173
3173
3173
3171
3171
3168
3163
3161
3160
3160
3153
3149
3147
3145
3141
3139
3138
3136
3133
3132
3131
3128
3127
3125
3122
3121
3119
3118
3116
3115
3115
3112
3108
3108
3107
3103
3103
3102
3100
3096
3096
3091
3089
3086
3084
3084
3083
3082
3082
3082
3081
3079
3079
3073
3072
3071
3071
3070
3069
3064
3064
3063
3057
3055
3053
3052
3051
3049
3049
3049
3048
3047
3040
3040
3036
3035
3035
3035
3034
3034
3028
3027
3027
3026
3021
3018
3017
3014
3012
3009
3009
3008
3004
3002
3001
3000
2999
2998
2997
2997
2996
2991
2988
2983
2982
2981
2978
2977
2976
2971
2970
2969
2968
2967
2961
2961
2960
2953
2950
2949
2947
2946
2946
2945
2945
2945
2944
2938
2937
2934
2930
2925
2924
2924
2924
2919
2919
2918
2915
2913
2910
2907
2906
2900
2898
2897
2896
2896
2896
2893
2893
2892
2891
2891
2890
2886
2886
2880
2874
2874
2870
2870
2868
2867
2867
2865
2864
2861
2858
2855
2855
2853
2849
2848
2846
2846
2846
2845
2843
2842
2841
2839
2839
2838
2838
2837
2835
2830
2827
2826
2823
2822
2821
2820
2815
2814
2813
2806
2806
2803
2802
2797
2797
2795
2795
2794
2793
2791
2791
2791
2790
2787
2786
2786
2785
2783
2779
2775
2775
2772
2770
2765
2765
2765
2758
2758
2754
2753
2752
2751
2748
2745
2745
2743
2741
2739
2736
2735
2733
2732
2732
2731
2731
2730
2730
2729
2726
2725
2724
2723
2721
2720
2719
2718
2713
2712
2709
2708
2708
2707
2705
2704
2704
2703
2701
2697
2695
2692
2688
2680
2678
2671
2668
2668
2661
2652
2652
2650
2648
2647
2645
2643
2638
2632
2632
2629
2628
2628
2627
2625
2624
2621
2617
2613
2613
2608
2606
2605
2598
2596
2595
2592
2592
2591
2587
2586
2584
2583
2581
2581
2581
2576
2575
2575
2573
2572
2571
2570
2567
2567
2566
2564
2564
2559
2557
2557
2554
2553
2548
2548
2547
2546
2545
2541
2538
2537
2534
2530
2526
2524
2518
2516
2514
2512
2511
2509
2504
2497
2497
2497
2495
2494
2492
2490
2488
2486
2484
2481
2480
2480
2479
2477
2477
2473
2472
2472
2471
2469
2458
2456
2455
2453
2449
2445
2444
2439
2438
2437
2435
2431
2429
2427
2425
2423
2419
2418
2415
2411
2404
2404
2399
2398
2396
2396
2395
2389
2385
2384
2381
2378
2377
2372
2371
2371
2365
2362
2361
2361
2358
2354
2352
2350
2348
2348
2347
2345
2345
2344
2343
2343
2342
2338
2338
2338
2337
2335
2331
2328
2328
2328
2324
2324
2321
2321
2319
2319
2318
2318
2316
2315
2314
2311
2311
2310
2309
2307
2304
2304
2303
2302
2301
2298
2298
2297
2297
2294
2290
2289
2288
2284
2283
2283
2283
2279
2277
2271
2268
2267
2265
2265
2262
2261
2261
2260
2259
2257
2256
2255
2249
2247
2242
2241
2240
2239
2237
2235
2235
2235
2234
2231
2231
2225
2224
2218
2218
2218
2214
2211
2207
2205
2203
2203
2200
2194
2191
2189
2189
2187
2187
2187
2187
2186
2185
2183
2182
2180
2177
2170
2170
2166
2165
2164
2163
2160
2157
2154
2152
2151
2147
2146
2144
2137
2134
2133
2132
2131
2129
2128
2126
2126
2124
2124
2122
2122
2120
2119
2115
2115
2115
2109
2109
2105
2105
2103
2103
2101
2101
2099
2098
2098
2098
2098
2097
2097
2096
2087
2085
2082
2081
2080
2080
2080
2080
2077
2074
2070
2070
2068
2068
2063
2063
2062
2061
2059
2058
2055
2052
2051
2049
2043
2039
2038
2036
2035
2034
2028
2027
2026
2024
2023
2021
2017
2015
2014
2011
2008
2008
2006
2003
2002
1996
1996
1995
1990
1988
1981
1980
1975
1975
1974
1971
1966
1963
1963
1962
1955
1954
1954
1953
1952
1950
1945
1945
1945
1942
1941
1931
1926
1918
1916
1913
1910
1910
1910
1910
1909
1904
1904
1900
1900
1900
1899
1896
1896
1895
1889
1881
1880
1878
1877
1877
1876
1874
1869
1868
1867
1863
1860
1859
1857
1854
1854
1854
1853
1850
1849
1849
1846
1844
1844
1843
1842
1839
1833
1831
1831
1831
1831
1829
1829
1827
1826
1825
1824
1822
1821
1819
1814
1813
1812
1810
1810
1807
1806
1804
1804
1803
1803
1803
1800
1800
1798
1795
1795
1790
1787
1785
1782
1780
1775
1775
1772
1771
1769
1769
1766
1765
1758
1755
1752
1751
1748
1747
1747
1742
1741
1735
1734
1731
1727
1722
1722
1720
1719
1718
1716
1714
1707
1705
1705
1704
1703
1702
1702
1701
1700
1699
1697
1693
1689
1687
1685
1684
1680
1680
1680
1678
1677
1676
1676
1674
1673
1671
1670
1667
1667
1665
1662
1662
1660
1657
1657
1656
1651
1651
1651
1647
1640
1640
1636
1635
1633
1633
1633
1629
1624
1623
1622
1622
1619
1617
1616
1615
1613
1612
1608
1600
1599
1592
1592
1587
1582
1581
1580
1567
1566
1566
1562
1560
1558
1558
1557
1555
1555
1549
1546
1546
1546
1544
1539
1539
1534
1533
1532
1530
1530
1522
1521
1517
1516
1515
1514
1514
1514
1512
1512
1510
1507
1505
1505
1504
1501
1501
1497
1491
1487
1482
1481
1481
1480
1474
1474
1473
1473
1472
1469
1468
1465
1465
1463
1461
1460
1458
1458
1457
1452
1450
1443
1442
1441
1437
1435
1435
1432
1431
1429
1424
1421
1419
1418
1417
1416
1415
1415
1413
1410
1409
1406
1405
1401
1399
1398
1395
1391
1390
1389
1379
1378
1375
1373
1371
1371
1371
1370
1370
1369
1368
1367
1366
1365
1363
1362
1360
1356
1356
1355
1352
1351
1350
1348
1346
1344
1342
1339
1337
1334
1333
1331
1331
1328
1328
1326
1325
1324
1323
1322
1322
1318
1317
1314
1313
1309
1309
1308
1307
1306
1305
1305
1304
1303
1299
1293
1293
1293
1292
1291
1290
1288
1286
1283
1282
1281
1280
1279
1278
1277
1276
1276
1276
1269
1269
1266
1265
1265
1263
1261
1260
1254
1254
1252
1252
1249
1248
1244
1240
1237
1237
1231
1229
1229
1229
1226
1219
1214
1214
1208
1204
1201
1201
1194
1194
1191
1190
1187
1184
1183
1181
1177
1176
1176
1172
1167
1166
1162
1161
1161
1160
1158
1157
1155
1154
1153
1152
1150
1146
1146
1140
1138
1135
1133
1128
1126
1122
1109
1109
1105
1102
1101
1100
1098
1097
1096
1095
1094
1087
1084
1083
1082
1081
1080
1079
1076
1076
1072
1070
1069
1069
1068
1067
1066
1066
1065
1060
1060
1060
1060
1054
1049
1044
1044
1041
1039
1039
1038
1037
1034
1034
1032
1032
1030
1030
1028
1027
1026
1026
1025
1023
1023
1020
1018
1012
1010
1008
1008
1004
1004
998
997
996
994
991
991
991
990
988
987
986
986
984
983
971
966
965
964
963
961
959
957
957
954
951
950
949
949
948
946
943
941
934
934
933
929
927
925
925
921
919
916
913
912
911
910
910
910
909
908
908
906
898
898
897
895
888
888
887
887
885
885
878
878
874
873
869
865
865
862
862
861
860
858
857
857
856
854
854
854
854
853
853
843
838
838
830
829
826
822
819
819
817
815
815
815
811
811
808
808
808
805
804
804
803
803
801
801
798
796
794
793
792
791
791
786
784
783
772
767
767
766
765
763
756
756
755
753
752
746
745
745
745
744
744
741
736
735
734
733
731
730
726
724
722
721
718
718
718
717
716
712
711
711
708
705
704
704
704
703
701
698
695
691
687
685
677
676
675
669
666
663
662
661
661
655
654
650
649
648
646
644
642
641
641
639
639
633
633
632
631
631
630
630
630
626
625
625
620
620
619
618
618
617
613
613
612
612
611
609
605
600
599
596
593
591
589
586
584
583
582
581
578
576
572
564
560
559
559
551
533
527
524
522
522
521
521
517
516
513
510
508
508
508
505
505
503
501
497
495
493
493
492
490
487
484
484
482
482
481
480
479
478
477
476
476
474
472
471
470
469
469
463
462
460
459
455
453
449
448
445
443
442
441
441
435
434
434
432
431
428
428
427
426
421
417
413
412
411
409
408
402
402
399
396
396
394
392
392
390
390
389
387
385
385
373
369
368
367
364
364
360
359
354
351
349
349
342
340
339
339
337
337
336
336
336
335
332
331
327
326
324
324
323
323
322
322
322
319
309
305
305
299
298
297
296
294
294
289
289
287
285
285
284
283
282
282
282
282
279
276
275
272
264
262
262
258
258
258
257
254
250
250
248
247
247
246
245
241
236
235
230
228
223
218
217
216
214
213
213
210
207
206
206
205
204
198
198
198
197
195
191
189
188
187
187
185
185
185
178
177
177
174
174
173
171
171
170
168
167
167
165
165
160
154
153
150
149
147
147
142
141
140
140
135
134
133
130
129
129
128
124
120
117
113
113
109
109
107
106
106
105
103
103
102
100
91
91
89
86
85
84
74
73
70
66
59
59
59
58
56
54
51
51
48
45
42
41
39
38
38
33
27
26
25
22
19
16
14
11
11
2
-1
-2
-3
-3
-6
-6
-7
-8
-12
-12
-12
-14
-17
-19
-21
-21
-22
-22
-25
-25
-26
-28
-29
-32
-33
-34
-35
-44
-46
-49
-51
-51
-52
-55
-61
-64
-65
-69
-69
-70
-72
-76
-76
-76
-76
-80
-84
-85
-85
-86
-88
-89
-91
-95
-95
-104
-106
-109
-113
-113
-114
-116
-120
-122
-125
-126
-126
-127
-128
-128
-128
-129
-130
-133
-134
-143
-146
-151
-151
-152
-153
-153
-154
-155
-155
-156
-162
-162
-163
-165
-166
-168
-168
-171
-172
-176
-178
-180
-180
-181
-182
-183
-186
-188
-191
-194
-198
-203
-207
-208
-211
-215
-216
-216
-219
-219
-226
-230
-233
-233
-234
-242
-244
-244
-244
-244
-245
-245
-246
-254
-255
-257
-257
-259
-260
-262
-264
-268
-268
-274
-281
-282
-287
-289
-290
-291
-296
-297
-301
-301
-308
-312
-312
-314
-315
-320
-323
-324
-326
-331
-332
-334
-336
-337
-340
-341
-342
-342
-342
-345
-346
-348
-351
-351
-355
-358
-358
-361
-361
-362
-369
-370
-373
-373
-375
-376
-376
-382
-385
-385
-386
-387
-387
-389
-389
-392
-393
-395
-396
-397
-397
-397
-398
-399
-400
-405
-406
-412
-414
-416
-417
-417
-420
-421
-425
-425
-430
-441
-442
-443
-444
-446
-447
-450
-450
-451
-454
-456
-456
-458
-459
-462
-464
-464
-467
-468
-469
-469
-470
-471
-472
-472
-472
-475
-477
-477
-478
-478
-478
-479
-479
-480
-483
-484
-484
-485
-487
-488
-490
-490
-490
-492
-493
-494
-497
-504
-512
-512
-512
-513
-514
-516
-518
-518
-521
-522
-524
-524
-525
-526
-528
-528
-528
-529
-530
-532
-534
-535
-539
-540
-541
-542
-544
-545
-550
-555
-562
-563
-564
-564
-570
-574
-575
-580
-581
-582
-584
-585
-587
-587
-596
-596
-597
-599
-601
-601
-602
-602
-603
-604
-605
-605
-607
-609
-609
-610
-611
-612
-614
-616
-618
-618
-619
-620
-621
-624
-625
-630
-632
-637
-637
-638
-640
-643
-643
-646
-650
-651
-651
-653
-657
-658
-658
-662
-663
-664
-665
-669
-672
-672
-672
-674
-674
-676
-677
-677
-684
-686
-688
-695
-696
-697
-699
-700
-700
-700
-706
-709
-710
-714
-714
-714
-715
-715
-715
-717
-717
-718
-720
-723
-728
-733
-733
-737
-738
-739
-740
-740
-743
-746
-748
-751
-751
-753
-761
-761
-761
-769
-770
-771
-773
-773
-774
-777
-778
-780
-782
-784
-785
-788
-789
-793
-794
-795
-795
-796
-797
-797
-800
-800
-800
-800
-802
-805
-808
-810
-810
-812
-813
-814
-814
-818
-819
-822
-832
-832
-833
-843
-844
-845
-846
-847
-848
-849
-850
-854
-856
-857
-857
-858
-861
-863
-864
-864
-865
-869
-874
-879
-880
-882
-882
-887
-890
-891
-892
-893
-898
-900
-900
-905
-907
-909
-919
-920
-920
-921
-922
-923
-924
-925
-926
-927
-927
-929
-935
-936
-938
-939
-942
-943
-944
-947
-953
-954
-954
-960
-962
-963
-963
-966
-967
-969
-969
-971
-973
-978
-981
-982
-984
-986
-986
-991
-991
-993
-995
-995
-1002
-1003
-1006
-1007
-1008
-1009
-1014
-1017
-1020
-1024
-1024
-1025
-1032
-1035
-1037
-1038
-1043
-1046
-1052
-1053
-1053
-1055
-1057
-1059
-1063
-1064
-1066
-1067
-1069
-1071
-1072
-1073
-1083
-1087
-1094
-1094
-1095
-1095
-1096
-1096
-1098
-1100
-1102
-1102
-1105
-1106
-1108
-1110
-1115
-1116
-1119
-1124
-1129
-1133
-1133
-1134
-1134
-1137
-1149
-1150
-1155
-1156
-1156
-1160
-1163
-1165
-1165
-1168
-1171
-1175
-1177
-1182
-1182
-1184
-1184
-1185
-1187
-1188
-1188
-1190
-1190
-1193
-1193
-1195
-1199
-1199
-1202
-1203
-1207
-1209
-1209
-1211
-1216
-1218
-1218
-1220
-1223
-1227
-1228
-1234
-1237
-1237
-1239
-1239
-1239
-1239
-1240
-1240
-1241
-1243
-1245
-1250
-1251
-1251
-1254
-1256
-1257
-1257
-1258
-1259
-1260
-1266
-1267
-1273
-1276
-1276
-1277
-1278
-1279
-1283
-1285
-1288
-1293
-1298
-1299
-1303
-1306
-1309
-1312
-1312
-1315
-1315
-1316
-1317
-1320
-1321
-1321
-1322
-1325
-1326
-1329
-1330
-1330
-1331
-1333
-1334
-1335
-1338
-1342
-1342
-1342
-1343
-1344
-1345
-1345
-1349
-1350
-1353
-1353
-1357
-1359
-1361
-1363
-1364
-1366
-1367
-1368
-1369
-1372
-1373
-1374
-1374
-1383
-1384
-1385
-1385
-1386
-1386
-1387
-1388
-1389
-1391
-1391
-1392
-1393
-1397
-1400
-1402
-1402
-1404
-1407
-1411
-1413
-1417
-1417
-1421
-1421
-1422
-1425
-1427
-1429
-1434
-1436
-1439
-1439
-1439
-1441
-1441
-1442
-1443
-1443
-1444
-1444
-1444
-1444
-1446
-1447
-1453
-1456
-1456
-1458
-1459
-1463
-1467
-1467
-1468
-1470
-1477
-1478
-1482
-1482
-1484
-1484
-1486
-1489
-1489
-1490
-1493
-1497
-1498
-1500
-1502
-1503
-1510
-1510
-1512
-1515
-1517
-1518
-1518
-1524
-1530
-1533
-1535
-1537
-1540
-1540
-1541
-1541
-1542
-1544
-1546
-1548
-1551
-1552
-1552
-1555
-1557
-1558
-1560
-1562
-1563
-1564
-1565
-1565
-1565
-1566
-1568
-1569
-1571
-1571
-1572
-1573
-1574
-1579
-1579
-1580
-1580
-1583
-1591
-1598
-1601
-1608
-1608
-1610
-1614
-1616
-1621
-1621
-1626
-1629
-1632
-1636
-1637
-1639
-1639
-1639
-1644
-1646
-1646
-1651
-1651
-1651
-1655
-1656
-1660
-1662
-1664
-1666
-1668
-1669
-1673
-1676
-1676
-1676
-1677
-1678
-1679
-1679
-1682
-1685
-1686
-1688
-1692
-1695
-1695
-1696
-1698
-1698
-1699
-1701
-1702
-1715
-1716
-1716
-1717
-1717
-1718
-1718
-1718
-1721
-1722
-1723
-1723
-1723
-1725
-1726
-1727
-1727
-1732
-1738
-1742
-1745
-1746
-1752
-1753
-1753
-1758
-1763
-1767
-1772
-1772
-1775
-1776
-1777
-1777
-1788
-1789
-1793
-1797
-1799
-1803
-1806
-1810
-1813
-1817
-1828
-1829
-1838
-1842
-1844
-1846
-1852
-1853
-1855
-1859
-1860
-1862
-1863
-1865
-1865
-1865
-1865
-1869
-1871
-1876
-1876
-1881
-1882
-1888
-1889
-1891
-1892
-1892
-1895
-1896
-1897
-1903
-1906
-1906
-1907
-1916
-1916
-1917
-1917
-1917
-1917
-1918
-1918
-1918
-1920
-1921
-1922
-1928
-1929
-1931
-1935
-1938
-1940
-1940
-1940
-1942
-1944
-1945
-1946
-1947
-1947
-1949
-1950
-1950
-1951
-1951
-1952
-1952
-1954
-1956
-1956
-1959
-1963
-1970
-1970
-1971
-1971
-1974
-1977
-1979
-1985
-1985
-1988
-1990
-1996
-1997
-1998
-2000
-2001
-2001
-2004
-2004
-2004
-2005
-2008
-2011
-2013
-2016
-2016
-2021
-2022
-2022
-2022
-2025
-2028
-2029
-2029
-2031
-2034
-2034
-2035
-2037
-2039
-2041
-2042
-2043
-2046
-2047
-2048
-2049
-2050
-2051
-2053
-2053
-2054
-2056
-2057
-2058
-2059
-2062
-2066
-2066
-2068
-2071
-2072
-2072
-2072
-2075
-2075
-2077
-2086
-2087
-2089
-2090
-2091
-2096
-2099
-2106
-2112
-2113
-2114
-2115
-2117
-2120
-2122
-2124
-2126
-2129
-2130
-2133
-2134
-2135
-2136
-2137
-2137
-2139
-2139
-2139
-2142
-2146
-2146
-2147
-2149
-2150
-2150
-2151
-2151
-2152
-2153
-2153
-2154
-2155
-2160
-2166
-2168
-2169
-2169
-2171
-2173
-2174
-2178
-2179
-2181
-2182
-2183
-2183
-2186
-2187
-2190
-2192
-2193
-2197
-2199
-2199
-2201
-2204
-2204
-2210
-2210
-2213
-2213
-2214
-2214
-2221
-2221
-2225
-2225
-2226
-2227
-2227
-2230
-2232
-2234
-2235
-2235
-2239
-2242
-2244
-2247
-2247
-2247
-2248
-2248
-2249
-2250
-2250
-2251
-2253
-2255
-2256
-2257
-2258
-2259
-2261
-2261
-2261
-2264
-2265
-2266
-2267
-2268
-2268
-2272
-2273
-2274
-2276
-2277
-2278
-2283
-2283
-2283
-2286
-2286
-2287
-2288
-2290
-2290
-2291
-2292
-2292
-2294
-2296
-2296
-2296
-2298
-2299
-2301
-2307
-2307
-2311
-2312
-2318
-2318
-2319
-2326
-2326
-2327
-2328
-2330
-2331
-2334
-2334
-2336
-2336
-2336
-2341
-2342
-2343
-2346
-2352
-2354
-2356
-2359
-2361
-2362
-2363
-2364
-2366
-2367
-2367
-2368
-2369
-2370
-2371
-2372
-2373
-2374
-2374
-2375
-2375
-2377
-2386
-2387
-2387
-2392
-2394
-2395
-2397
-2399
-2401
-2401
-2402
-2403
-2404
-2406
-2408
-2410
-2411
-2412
-2417
-2420
-2421
-2422
-2423
-2424
-2426
-2427
-2430
-2435
-2438
-2442
-2442
-2446
-2447
-2448
-2458
-2460
-2460
-2463
-2463
-2466
-2466
-2472
-2474
-2477
-2479
-2480
-2480
-2481
-2482
-2483
-2484
-2484
-2484
-2494
-2495
-2495
-2496
-2499
-2501
-2507
-2507
-2512
-2517
-2519
-2522
-2524
-2526
-2529
-2533
-2535
-2537
-2537
-2538
-2538
-2541
-2542
-2544
-2547
-2548
-2549
-2551
-2552
-2555
-2555
-2558
-2559
-2560
-2562
-2566
-2567
-2571
-2571
-2572
-2573
-2574
-2574
-2576
-2578
-2579
-2580
-2583
-2584
-2585
-2588
-2589
-2589
-2591
-2593
-2594
-2594
-2597
-2598
-2598
-2602
-2604
-2604
-2607
-2611
-2620
-2621
-2622
-2622
-2624
-2625
-2626
-2629
-2632
-2635
-2636
-2639
-2640
-2644
-2644
-2645
-2645
-2646
-2646
-2646
-2648
-2649
-2651
-2655
-2658
-2659
-2664
-2668
-2670
-2670
-2673
-2676
-2677
-2685
-2689
-2690
-2691
-2692
-2696
-2696
-2698
-2703
-2704
-2705
-2712
-2712
-2714
-2716
-2717
-2717
-2717
-2718
-2719
-2722
-2724
-2725
-2726
-2727
-2729
-2730
-2734
-2740
-2742
-2742
-2743
-2743
-2744
-2745
-2745
-2749
-2750
-2751
-2752
-2753
-2755
-2758
-2760
-2760
-2762
-2762
-2767
-2769
-2772
-2773
-2777
-2778
-2779
-2779
-2781
-2785
-2785
-2789
-2790
-2790
-2791
-2793
-2794
-2795
-2795
-2799
-2801
-2808
-2810
-2814
-2815
-2816
-2816
-2818
-2822
-2827
-2827
-2828
-2831
-2832
-2838
-2840
-2844
-2848
-2849
-2850
-2851
-2852
-2856
-2856
-2857
-2859
-2861
-2862
-2863
-2863
-2866
-2867
-2868
-2870
-2870
-2871
-2872
-2872
-2873
-2875
-2877
-2878
-2880
-2883
-2884
-2886
-2890
-2892
-2905
-2914
-2914
-2919
-2922
-2923
-2926
-2929
-2929
-2932
-2933
-2934
-2935
-2936
-2936
-2937
-2938
-2939
-2942
-2945
-2945
-2945
-2948
-2948
-2948
-2950
-2951
-2951
-2951
-2953
-2953
-2956
-2957
-2959
-2963
-2965
-2965
-2969
-2972
-2973
-2973
-2975
-2979
-2979
-2980
-2982
-2984
-2989
-2990
-2992
-2994
-3001
-3003
-3004
-3005
-3005
-3006
-3007
-3011
-3011
-3012
-3013
-3017
-3017
-3018
-3020
-3022
-3024
-3024
-3025
-3025
-3025
-3028
-3028
-3031
-3032
-3032
-3035
-3038
-3038
-3039
-3048
-3049
-3050
-3053
-3053
-3054
-3055
-3056
-3057
-3061
-3065
-3067
-3067
-3069
-3070
-3076
-3077
-3084
-3087
-3089
-3093
-3095
-3098
-3100
-3101
-3102
-3103
-3104
-3110
-3113
-3114
-3116
-3117
-3118
-3120
-3122
-3125
-3129
-3129
-3131
-3136
-3139
-3140
-3141
-3147
-3147
-3150
-3151
-3151
-3153
-3161
-3161
-3164
-3165
-3166
-3170
-3172
-3173
-3173
-3176
-3178
-3181
-3184
-3184
-3189
-3190
-3191
-3192
-3196
-3196
-3197
-3198
-3200
-3201
-3202
-3204
-3204
-3204
-3206
-3209
-3214
-3215
-3216
-3217
-3219
-3223
-3223
-3224
-3226
-3226
-3228
-3229
-3230
-3230
-3233
-3234
-3235
-3236
-3239
-3239
-3246
-3251
-3253
-3254
-3255
-3258
-3259
-3263
-3265
-3267
-3269
-3269
-3271
-3273
-3273
-3274
-3282
-3283
-3283
-3285
-3286
-3286
-3288
-3289
-3291
-3293
-3299
-3299
-3301
-3303
-3305
-3309
-3315
-3317
-3319
-3321
-3321
-3321
-3324
-3325
-3325
-3326
-3329
-3331
-3332
-3333
-3335
-3337
-3338
-3340
-3341
-3343
-3344
-3344
-3345
-3347
-3347
-3347
-3348
-3351
-3352
-3353
-3357
-3357
-3359
-3363
-3364
-3367
-3368
-3371
-3371
-3372
-3375
-3377
-3380
-3382
-3387
-3389
-3393
-3394
-3395
-3395
-3396
-3397
-3398
-3401
-3402
-3404
-3406
-3411
-3411
-3417
-3420
-3428
-3431
-3432
-3432
-3438
-3441
-3442
-3443
-3443
-3446
-3447
-3449
-3450
-3450
-3450
-3451
-3452
-3453
-3455
-3459
-3461
-3467
-3467
-3470
-3478
-3481
-3481
-3481
-3482
-3482
-3482
-3484
-3486
-3495
-3497
-3501
-3505
-3506
-3506
-3509
-3512
-3513
-3514
-3515
-3515
-3516
-3517
-3522
-3523
-3525
-3526
-3528
-3530
-3532
-3536
-3537
-3537
-3540
-3541
-3541
-3541
-3542
-3542
-3543
-3545
-3546
-3546
-3548
-3550
-3551
-3551
-3553
-3555
-3555
-3561
-3561
-3563
-3565
-3568
-3572
-3572
-3573
-3575
-3578
-3582
-3586
-3588
-3588
-3590
-3591
-3591
-3593
-3593
-3596
-3597
-3599
-3602
-3602
-3602
-3610
-3612
-3613
-3616
-3619
-3619
-3621
-3621
-3625
-3626
-3628
-3628
-3629
-3632
-3632
-3637
-3638
-3643
-3643
-3647
-3651
-3651
-3652
-3654
-3655
-3656
-3659
-3662
-3662
-3663
-3665
-3666
-3667
-3671
-3677
-3678
-3679
-3686
-3687
-3688
-3688
-3692
-3698
-3698
-3701
-3702
-3702
-3703
-3705
-3706
-3713
-3715
-3717
-3717
-3718
-3722
-3723
-3726
-3732
-3736
-3737
-3737
-3738
-3740
-3741
-3741
-3744
-3747
-3748
-3749
-3751
-3751
-3753
-3755
-3758
-3759
-3762
-3768
-3771
-3773
-3773
-3774
-3778
-3779
-3779
-3785
-3787
-3788
-3794
-3794
-3798
-3800
-3805
-3806
-3812
-3812
-3813
-3815
-3815
-3816
-3819
-3819
-3819
-3821
-3823
-3824
-3826
-3829
-3829
-3831
-3835
-3836
-3836
-3840
-3841
-3843
-3844
-3851
-3857
-3858
-3860
-3861
-3862
-3862
-3863
-3863
-3863
-3864
-3866
-3866
-3867
-3867
-3868
-3869
-3872
-3875
-3875
-3879
-3882
-3883
-3884
-3891
-3892
-3894
-3897
-3901
-3902
-3908
-3912
-3914
-3917
-3917
-3919
-3922
-3932
-3933
-3936
-3937
-3937
-3937
-3943
-3946
-3946
-3948
-3948
-3948
-3952
-3962
-3967
-3967
-3967
-3969
-3971
-3972
-3974
-3982
-3983
-3987
-3988
-3993
-3995
-3996
-3999
-4000
-4001
-4008
-4009
-4011
-4012
-4020
-4020
-4020
-4022
-4030
-4031
-4035
-4038
-4041
-4044
-4048
-4052
-4052
-4054
-4056
-4057
-4061
-4062
-4064
-4066
-4068
-4068
-4071
-4071
-4075
-4076
-4079
-4079
-4080
-4084
-4085
-4087
-4088
-4090
-4099
-4102
-4102
-4102
-4109
-4111
-4112
-4115
-4122
-4124
-4124
-4125
-4130
-4132
-4133
-4134
-4135
-4141
-4142
-4142
-4143
-4145
-4146
-4148
-4148
-4150
-4155
-4155
-4156
-4159
-4163
-4163
-4164
-4165
-4167
-4170
-4172
-4172
-4179
-4184
-4184
-4187
-4190
-4191
-4197
-4198
-4198
-4198
-4201
-4201
-4204
-4206
-4208
-4208
-4211
-4211
-4212
-4212
-4212
-4221
-4225
-4225
-4227
-4228
-4231
-4233
-4233
-4235
-4238
-4240
-4242
-4247
-4247
-4249
-4256
-4258
-4258
-4260
-4261
-4261
-4263
-4264
-4265
-4271
-4275
-4276
-4277
-4279
-4280
-4281
-4281
-4283
-4284
-4287
-4289
-4293
-4296
-4298
-4301
-4306
-4306
-4309
-4309
-4311
-4313
-4314
-4319
-4323
-4325
-4327
-4328
-4330
-4330
-4333
-4334
-4335
-4335
-4344
-4347
-4347
-4351
-4352
-4355
-4355
-4359
-4363
-4364
-4364
-4367
-4367
-4368
-4372
-4373
-4376
-4378
-4379
-4381
-4382
-4383
-4385
-4391
-4391
-4397
-4403
-4406
-4406
-4407
-4419
-4420
-4421
-4421
-4424
-4428
-4434
-4435
-4435
-4435
-4437
-4440
-4441
-4444
-4444
-4450
-4451
-4458
-4461
-4461
-4461
-4463
-4464
-4466
-4466
-4466
-4466
-4467
-4468
-4469
-4480
-4480
-4482
-4482
-4483
-4483
-4485
-4486
-4487
-4488
-4494
-4496
-4496
-4499
-4500
-4503
-4505
-4507
-4512
-4515
-4517
-4520
-4520
-4523
-4525
-4529
-4530
-4531
-4531
-4532
-4532
-4536
-4537
-4538
-4540
-4541
-4542
-4546
-4546
-4548
-4548
-4549
-4551
-4557
-4558
-4559
-4559
-4571
-4571
-4573
-4575
-4576
-4584
-4585
-4587
-4587
-4587
-4590
-4594
-4596
-4596
-4597
-4599
-4600
-4601
-4604
-4605
-4610
-4610
-4618
-4621
-4626
-4626
-4627
-4633
-4635
-4637
-4637
-4639
-4641
-4644
-4644
-4646
-4646
-4646
-4646
-4647
-4652
-4654
-4658
-4659
-4662
-4668
-4669
-4670
-4674
-4675
-4675
-4678
-4682
-4685
-4690
-4691
-4691
-4693
-4695
-4695
-4697
-4698
-4702
-4703
-4707
-4708
-4712
-4713
-4717
-4717
-4717
-4723
-4729
-4735
-4737
-4738
-4738
-4739
-4740
-4740
-4743
-4746
-4753
-4754
-4755
-4756
-4756
-4759
-4762
-4764
-4769
-4770
-4771
-4771
-4778
-4785
-4786
-4787
-4789
-4792
-4799
-4802
-4803
-4806
-4806
-4809
-4811
-4812
-4813
-4814
-4816
-4816
-4818
-4821
-4821
-4821
-4824
-4824
-4832
-4833
-4835
-4836
-4838
-4840
-4842
-4842
-4842
-4842
-4846
-4847
-4849
-4853
-4853
-4855
-4863
-4863
-4866
-4867
-4871
-4875
-4880
-4884
-4888
-4891
-4892
-4894
-4897
-4897
-4897
-4898
-4903
-4907
-4908
-4913
-4916
-4916
-4917
-4917
-4921
-4922
-4922
-4932
-4935
-4941
-4941
-4942
-4942
-4945
-4947
-4950
-4955
-4957
-4959
-4967
-4967
-4969
-4971
-4972
-4974
-4974
-4976
-4977
-4977
-4979
-4980
-4980
-4983
-4983
-4986
-4987
-4993
-4996
-4997
-4999
-5000
-5001
-5002
-5007
-5011
-5011
-5011
-5012
-5013
-5014
-5014
-5016
-5017
-5017
-5020
-5025
-5025
-5027
-5027
-5030
-5031
-5032
-5032
-5037
-5039
-5040
-5044
-5045
-5045
-5045
-5046
-5047
-5053
-5059
-5060
-5069
-5072
-5072
-5076
-5078
-5084
-5084
-5086
-5087
-5088
-5089
-5090
-5091
-5094
-5097
-5100
-5100
-5103
-5103
-5107
-5111
-5112
-5114
-5117
-5119
-5119
-5123
-5126
-5127
-5127
-5128
-5129
-5130
-5131
-5131
-5132
-5134
-5134
-5134
-5136
-5136
-5138
-5139
-5142
-5148
-5151
-5155
-5158
-5160
-5160
-5162
-5166
-5168
-5169
-5172
-5173
-5175
-5179
-5182
-5182
-5184
-5184
-5184
-5191
-5193
-5195
-5198
-5204
-5205
-5206
-5207
-5207
-5208
-5209
-5212
-5212
-5214
-5219
-5226
-5227
-5230
-5232
-5235
-5235
-5238
-5239
-5239
-5244
-5245
-5245
-5247
-5248
-5249
-5249
-5251
-5252
-5253
-5254
-5255
-5255
-5257
-5258
-5259
-5265
-5266
-5271
-5274
-5275
-5279
-5282
-5284
-5284
-5284
-5287
-5287
-5290
-5291
-5292
-5292
-5293
-5294
-5294
-5296
-5296
-5299
-5303
-5305
-5309
-5310
-5310
-5312
-5317
-5321
-5323
-5324
-5326
-5327
-5328
-5328
-5329
-5331
-5337
-5340
-5345
-5354
-5361
-5361
-5362
-5364
-5365
-5369
-5370
-5379
-5384
-5385
-5388
-5388
-5388
-5388
-5391
-5392
-5393
-5400
-5405
-5410
-5413
-5415
-5415
-5416
-5417
-5418
-5418
-5424
-5428
-5430
-5432
-5433
-5437
-5442
-5443
-5444
-5445
-5446
-5446
-5448
-5450
-5451
-5451
-5452
-5459
-5459
-5459
-5463
-5464
-5466
-5468
-5473
-5473
-5475
-5479
-5482
-5486
-5486
-5488
-5489
-5490
-5490
-5491
-5492
-5494
-5496
-5500
-5506
-5506
-5508
-5510
-5512
-5514
-5515
-5517
-5518
-5518
-5526
-5529
-5530
-5531
-5535
-5537
-5537
-5539
-5542
-5547
-5547
-5550
-5553
-5554
-5554
-5555
-5555
-5557
-5557
-5558
-5561
-5564
-5565
-5568
-5569
-5570
-5571
-5572
-5573
-5575
-5576
-5577
-5580
-5581
-5581
-5582
-5586
-5586
-5588
-5589
-5589
-5590
-5591
-5592
-5596
-5602
-5604
-5607
-5611
-5612
-5613
-5616
-5620
-5621
-5621
-5621
-5623
-5623
-5625
-5626
-5628
-5631
-5634
-5634
-5639
-5641
-5641
-5642
-5647
-5649
-5653
-5653
-5660
-5664
-5667
-5669
-5670
-5673
-5674
-5674
-5676
-5678
-5681
-5683
-5685
-5685
-5690
-5705
-5705
-5706
-5709
-5712
-5714
-5714
-5718
-5722
-5724
-5726
-5728
-5731
-5732
-5732
-5734
-5740
-5747
-5751
-5756
-5759
-5759
-5760
-5762
-5763
-5768
-5775
-5776
-5776
-5778
-5780
-5782
-5785
-5786
-5788
-5789
-5790
-5791
-5793
-5793
-5793
-5794
-5797
-5798
-5798
-5799
-5799
-5801
-5802
-5803
-5804
-5807
-5807
-5815
-5815
-5816
-5825
-5827
-5835
-5836
-5836
-5837
-5839
-5840
-5842
-5844
-5846
-5847
-5848
-5848
-5848
-5849
-5851
-5854
-5858
-5859
-5859
-5859
-5861
-5862
-5863
-5869
-5869
-5871
-5873
-5874
-5878
-5886
-5888
-5889
-5890
-5893
-5896
-5897
-5897
-5897
-5898
-5901
-5903
-5903
-5904
-5905
-5908
-5908
-5913
-5913
-5913
-5914
-5917
-5919
-5920
-5920
-5928
-5930
-5931
-5933
-5936
-5937
-5938
-5941
-5941
-5945
-5948
-5949
-5950
-5950
-5951
-5957
-5957
-5966
-5972
-5973
-5974
-5974
-5978
-5984
-5984
-5989
-5989
-5990
-5991
-5992
-5996
-5996
-5999
-6003
-6003
-6003
-6006
-6006
-6007
-6007
-6009
-6012
-6013
-6014
-6016
-6020
-6021
-6023
-6029
-6031
-6032
-6039
-6043
-6044
-6046
-6046
-6046
-6046
-6047
-6049
-6050
-6050
-6051
-6053
-6054
-6058
-6060
-6064
-6065
-6069
-6073
-6074
-6076
-6077
-6077
-6078
-6079
-6080
-6080
-6083
-6083
-6086
-6087
-6088
-6093
-6093
-6095
-6099
-6100
-6101
-6103
-6104
-6105
-6105
-6108
-6114
-6117
-6118
-6119
-6122
-6124
-6127
-6127
-6132
-6132
-6139
-6140
-6144
-6144
-6145
-6149
-6149
-6151
-6152
-6153
-6155
-6155
-6159
-6161
-6165
-6165
-6166
-6169
-6169
-6169
-6176
-6180
-6182
-6184
-6184
-6187
-6192
-6194
-6198
-6199
-6203
-6203
-6204
-6208
-6208
-6209
-6209
-6210
-6212
-6215
-6217
-6222
-6225
-6225
-6225
-6225
-6227
-6227
-6229
-6230
-6232
-6240
-6241
-6243
-6243
-6246
-6247
-6247
-6249
-6254
-6254
-6254
-6255
-6256
-6262
-6263
-6264
-6265
-6265
-6266
-6267
-6272
-6272
-6274
-6274
-6275
-6275
-6283
-6284
-6290
-6293
-6293
-6297
-6299
-6299
-6300
-6308
-6308
-6312
-6312
-6316
-6316
-6318
-6321
-6323
-6327
-6328
-6329
-6329
-6329
-6332
-6337
-6338
-6339
-6341
-6342
-6349
-6350
-6350
-6350
-6351
-6354
-6354
-6355
-6357
-6357
-6357
-6361
-6362
-6363
-6364
-6364
-6365
-6368
-6368
-6369
-6369
-6371
-6371
-6373
-6374
-6377
-6378
-6379
-6379
-6379
-6380
-6381
-6382
-6383
-6383
-6387
-6391
-6395
-6400
-6401
-6403
-6406
-6410
-6411
-6412
-6417
-6419
-6420
-6427
-6427
-6431
-6432
-6434
-6435
-6435
-6436
-6439
-6442
-6443
-6446
-6447
-6449
-6450
-6450
-6455
-6455
-6456
-6456
-6459
-6461
-6463
-6472
-6474
-6474
-6475
-6477
-6477
-6478
-6485
-6492
-6493
-6498
-6503
-6505
-6512
-6512
-6513
-6515
-6522
-6524
-6526
-6527
-6534
-6536
-6538
-6541
-6541
-6543
-6549
-6550
-6553
-6556
-6563
-6564
-6564
-6569
-6574
-6576
-6576
-6577
-6578
-6580
-6582
-6582
-6584
-6584
-6587
-6587
-6587
-6593
-6593
-6595
-6595
-6596
-6598
-6604
-6607
-6607
-6613
-6614
-6615
-6620
-6621
-6621
-6621
-6621
-6623
-6623
-6625
-6627
-6629
-6634
-6634
-6638
-6638
-6638
-6638
-6639
-6643
-6644
-6648
-6649
-6650
-6658
-6659
-6661
-6662
-6662
-6662
-6665
-6671
-6678
-6679
-6679
-6681
-6682
-6687
-6687
-6689
-6692
-6693
-6695
-6699
-6699
-6704
-6705
-6706
-6710
-6713
-6715
-6716
-6718
-6722
-6724
-6724
-6732
-6732
-6733
-6735
-6739
-6740
-6741
-6747
-6747
-6747
-6748
-6749
-6751
-6753
-6757
-6760
-6763
-6766
-6766
-6767
-6768
-6770
-6771
-6773
-6776
-6777
-6778
-6780
-6783
-6784
-6784
-6788
-6791
-6805
-6808
-6813
-6816
-6818
-6818
-6819
-6820
-6821
-6828
-6828
-6830
-6831
-6832
-6835
-6835
-6836
-6837
-6837
-6838
-6842
-6842
-6843
-6847
-6848
-6851
-6856
-6860
-6864
-6871
-6871
-6871
-6871
-6871
-6875
-6875
-6880
-6881
-6883
-6894
-6899
-6900
-6900
-6902
-6903
-6905
-6906
-6909
-6910
-6913
-6915
-6917
-6918
-6921
-6932
-6936
-6939
-6939
-6943
-6944
-6945
-6947
-6951
-6952
-6953
-6954
-6956
-6958
-6971
-6971
-6971
-6974
-6975
-6981
-6983
-6984
-6984
-6984
-6986
-6988
-6989
-6990
-6991
-6991
-6992
-6993
-6995
-6997
-7000
-7001
-7002
-7006
-7007
-7009
-7009
-7013
-7015
-7017
-7020
-7022
-7026
-7026
-7026
-7028
-7030
-7030
-7034
-7036
-7036
-7037
-7040
-7041
-7041
-7041
-7042
-7044
-7044
-7045
-7047
-7052
-7055
-7058
-7060
-7064
-7067
-7069
-7072
-7076
-7077
-7080
-7081
-7082
-7083
-7083
-7086
-7086
-7086
-7087
-7087
-7089
-7090
-7090
-7094
-7096
-7099
-7101
-7104
-7105
-7106
-7107
-7109
-7110
-7123
-7125
-7126
-7128
-7131
-7131
-7133
-7133
-7134
-7134
-7138
-7138
-7139
-7142
-7143
-7143
-7146
-7147
-7148
-7151
-7151
-7154
-7154
-7157
-7167
-7172
-7172
-7174
-7178
-7182
-7183
-7185
-7185
-7187
-7193
-7193
-7195
-7197
-7197
-7205
-7210
-7212
-7219
-7221
-7223
-7225
-7226
-7227
-7228
-7232
-7236
-7238
-7240
-7244
-7245
-7248
-7250
-7258
-7266
-7267
-7267
-7271
-7271
-7272
-7276
-7277
-7279
-7281
-7284
-7286
-7286
-7286
-7288
-7294
-7294
-7295
-7296
-7297
-7299
-7300
-7300
-7302
-7304
-7305
-7305
-7306
-7309
-7310
-7310
-7312
-7314
-7317
-7317
-7319
-7321
-7321
-7326
-7328
-7330
-7333
-7334
-7335
-7336
-7336
-7338
-7339
-7339
-7339
-7344
-7346
-7352
-7353
-7354
-7354
-7356
-7357
-7362
-7362
-7363
-7363
-7363
-7368
-7369
-7370
-7371
-7383
-7384
-7384
-7387
-7388
-7389
-7390
-7395
-7397
-7398
-7398
-7399
-7399
-7403
-7405
-7405
-7405
-7412
-7418
-7419
-7427
-7432
-7433
-7435
-7435
-7437
-7441
-7443
-7447
-7448
-7448
-7450
-7451
-7456
-7459
-7461
-7462
-7463
-7464
-7467
-7470
-7471
-7476
-7478
-7484
-7485
-7488
-7490
-7492
-7494
-7503
-7503
-7507
-7510
-7510
-7511
-7512
-7515
-7522
-7523
-7523
-7529
-7532
-7535
-7540
-7542
-7543
-7543
-7546
-7546
-7547
-7550
-7550
-7552
-7559
-7560
-7561
-7561
-7572
-7573
-7574
-7575
-7576
-7576
-7576
-7576
-7579
-7581
-7582
-7583
-7583
-7583
-7584
-7585
-7589
-7594
-7600
-7601
-7603
-7605
-7607
-7608
-7609
-7615
-7617
-7618
-7621
-7624
-7625
-7626
-7627
-7629
-7633
-7635
-7637
-7645
-7648
-7650
-7650
-7652
-7654
-7655
-7658
-7659
-7659
-7660
-7660
-7663
-7664
-7665
-7669
-7672
-7676
-7676
-7680
-7680
-7681
-7681
-7681
-7688
-7690
-7696
-7704
-7704
-7704
-7704
-7705
-7706
-7708
-7710
-7712
-7712
-7712
-7713
-7714
-7714
-7715
-7719
-7720
-7722
-7722
-7723
-7724
-7727
-7729
-7729
-7731
-7731
-7733
-7736
-7740
-7743
-7743
-7743
-7744
-7745
-7747
-7751
-7752
-7758
-7762
-7768
-7768
-7769
-7774
-7775
-7777
-7778
-7778
-7782
-7782
-7783
-7784
-7785
-7786
-7790
-7791
-7791
-7792
-7792
-7792
-7798
-7805
-7805
-7806
-7809
-7809
-7811
-7811
-7812
-7813
-7818
-7820
-7823
-7826
-7829
-7830
-7831
-7836
-7836
-7837
-7843
-7844
-7847
-7852
-7853
-7855
-7858
-7860
-7864
-7865
-7869
-7869
-7876
-7876
-7876
-7877
-7878
-7880
-7885
-7887
-7887
-7888
-7888
-7889
-7889
-7891
-7893
-7895
-7895
-7897
-7899
-7900
-7901
-7902
-7903
-7903
-7904
-7905
-7905
-7907
-7909
-7914
-7918
-7918
-7919
-7921
-7921
-7922
-7922
-7923
-7924
-7925
-7927
-7927
-7928
-7929
-7929
-7933
-7935
-7944
-7945
-7945
-7949
-7956
-7956
-7959
-7961
-7964
-7967
-7968
-7968
-7969
-7973
-7976
-7977
-7981
-7988
-7990
-7990
-7990
-7997
-7998
-7999
-7999
-8000
-8001
-8001
-8001
-8003
-8005
-8007
-8007
-8010
-8011
-8012
-8012
-8014
-8020
-8020
-8021
-8022
-8023
-8025
-8026
-8026
-8029
-8031
-8035
-8036
-8037
-8040
-8041
-8042
-8044
-8054
-8060
-8062
-8063
-8064
-8064
-8064
-8066
-8069
-8071
-8071
-8073
-8073
-8075
-8076
-8076
-8077
-8082
-8086
-8089
-8091
-8094
-8095
-8096
-8097
-8101
-8104
-8105
-8106
-8110
-8111
-8111
-8113
-8114
-8116
-8116
-8117
-8123
-8125
-8125
-8127
-8128
-8129
-8130
-8133
-8135
-8136
-8139
-8145
-8148
-8148
-8152
-8154
-8154
-8162
-8163
-8165
-8171
-8178
-8178
-8179
-8180
-8182
-8182
-8183
-8183
-8187
-8188
-8191
-8193
-8194
-8196
-8196
-8196
-8198
-8199
-8200
-8210
-8215
-8215
-8215
-8219
-8221
-8222
-8223
-8224
-8228
-8231
-8232
-8233
-8250
-8252
-8256
-8258
-8258
-8259
-8261
-8265
-8272
-8273
-8275
-8276
-8277
-8282
-8284
-8285
-8286
-8286
-8287
-8289
-8290
-8292
-8294
-8294
-8294
-8297
-8297
-8305
-8305
-8306
-8307
-8307
-8308
-8309
-8309
-8310
-8310
-8312
-8312
-8314
-8315
-8317
-8317
-8318
-8319
-8321
-8321
-8322
-8323
-8324
-8325
-8326
-8327
-8330
-8332
-8333
-8335
-8338
-8343
-8344
-8351
-8355
-8355
-8356
-8357
-8358
-8360
-8362
-8362
-8364
-8365
-8365
-8365
-8367
-8370
-8370
-8373
-8374
-8374
-8376
-8377
-8377
-8379
-8380
-8382
-8383
-8383
-8384
-8390
-8393
-8394
-8399
-8399
-8402
-8405
-8405
-8406
-8406
-8406
-8414
-8416
-8418
-8425
-8425
-8427
-8428
-8430
-8439
-8447
-8451
-8451
-8451
-8453
-8455
-8456
-8461
-8461
-8462
-8464
-8467
-8470
-8471
-8473
-8475
-8476
-8479
-8479
-8480
-8481
-8483
-8487
-8488
-8497
-8498
-8503
-8506
-8508
-8509
-8510
-8511
-8515
-8517
-8518
-8519
-8523
-8524
-8527
-8528
-8532
-8535
-8540
-8541
-8545
-8549
-8551
-8553
-8554
-8554
-8555
-8555
-8555
-8556
-8560
-8560
-8562
-8563
-8563
-8564
-8565
-8569
-8570
-8571
-8571
-8573
-8574
-8574
-8576
-8576
-8577
-8579
-8583
-8585
-8585
-8589
-8590
-8590
-8592
-8592
-8592
-8601
-8602
-8603
-8604
-8604
-8608
-8610
-8610
-8610
-8611
-8612
-8612
-8613
-8615
-8616
-8617
-8623
-8627
-8629
-8629
-8632
-8635
-8639
-8648
-8649
-8650
-8654
-8656
-8657
-8658
-8660
-8661
-8662
-8664
-8666
-8668
-8670
-8672
-8680
-8682
-8684
-8684
-8684
-8686
-8688
-8690
-8693
-8695
-8696
-8697
-8700
-8702
-8703
-8704
-8705
-8706
-8715
-8716
-8720
-8724
-8728
-8728
-8731
-8732
-8733
-8733
-8738
-8738
-8738
-8741
-8745
-8745
-8749
-8749
-8752
-8753
-8756
-8756
-8757
-8760
-8760
-8760
-8760
-8764
-8767
-8767
-8767
-8768
-8770
-8774
-8774
-8779
-8779
-8780
-8785
-8789
-8790
-8790
-8792
-8792
-8793
-8795
-8797
-8799
-8801
-8802
-8803
-8805
-8805
-8806
-8806
-8813
-8824
-8825
-8827
-8827
-8831
-8832
-8833
-8834
-8835
-8835
-8835
-8848
-8855
-8858
-8858
-8862
-8867
-8867
-8874
-8876
-8877
-8882
-8884
-8884
-8884
-8887
-8890
-8894
-8895
-8897
-8897
-8906
-8908
-8909
-8912
-8918
-8918
-8919
-8922
-8930
-8931
-8932
-8933
-8939
-8940
-8940
-8941
-8941
-8942
-8951
-8953
-8957
-8958
-8961
-8963
-8963
-8963
-8965
-8966
-8967
-8967
-8968
-8969
-8969
-8970
-8970
-8970
-8971
-8973
-8975
-8979
-8979
-8980
-8981
-8985
-8986
-8989
-8992
-8992
-8995
-8996
-8997
-8999
-9000
-9001
-9004
-9007
-9010
-9012
-9014
-9015
-9021
-9025
-9028
-9030
-9030
-9034
-9034
-9035
-9036
-9037
-9039
-9041
-9045
-9045
-9048
-9050
-9051
-9054
-9058
-9058
-9060
-9062
-9063
-9065
-9065
-9066
-9069
-9074
-9076
-9078
-9084
-9085
-9087
-9087
-9089
-9093
-9095
-9097
-9101
-9101
-9103
-9110
-9110
-9112
-9113
-9115
-9117
-9118
-9121
-9122
-9123
-9123
-9125
-9130
-9131
-9137
-9138
-9138
-9139
-9140
-9145
-9145
-9145
-9145
-9148
-9150
-9152
-9153
-9157
-9157
-9158
-9160
-9161
-9163
-9164
-9164
-9166
-9168
-9169
-9172
-9173
-9174
-9176
-9179
-9179
-9181
-9182
-9183
-9184
-9184
-9189
-9191
-9192
-9197
-9197
-9198
-9201
-9202
-9204
-9204
-9204
-9204
-9209
-9210
-9211
-9216
-9217
-9217
-9223
-9228
-9229
-9229
-9231
-9235
-9236
-9240
-9240
-9241
-9243
-9244
-9246
-9247
-9250
-9254
-9255
-9257
-9260
-9262
-9264
-9264
-9268
-9271
-9274
-9274
-9276
-9278
-9278
-9280
-9281
-9281
-9283
-9287
-9288
-9288
-9290
-9293
-9298
-9303
-9311
-9313
-9314
-9314
-9314
-9314
-9317
-9320
-9329
-9340
-9341
-9343
-9343
-9344
-9345
-9345
-9347
-9351
-9353
-9356
-9356
-9360
-9363
-9367
-9371
-9371
-9374
-9378
-9383
-9389
-9391
-9395
-9398
-9399
-9403
-9408
-9408
-9408
-9411
-9411
-9413
-9414
-9416
-9418
-9419
-9420
-9426
-9428
-9429
-9430
-9435
-9436
-9437
-9437
-9439
-9439
-9442
-9444
-9446
-9447
-9449
-9454
-9455
-9457
-9462
-9466
-9467
-9469
-9471
-9475
-9476
-9476
-9478
-9478
-9478
-9480
-9480
-9481
-9483
-9483
-9483
-9484
-9486
-9489
-9490
-9494
-9494
-9494
-9496
-9496
-9497
-9498
-9506
-9507
-9509
-9512
-9513
-9514
-9514
-9519
-9526
-9527
-9529
-9531
-9532
-9534
-9534
-9535
-9535
-9539
-9544
-9545
-9546
-9550
-9554
-9554
-9554
-9556
-9557
-9558
-9558
-9561
-9561
-9563
-9569
-9570
-9573
-9578
-9582
-9582
-9583
-9584
-9586
-9587
-9587
-9588
-9589
-9593
-9594
-9594
-9597
-9603
-9609
-9610
-9612
-9612
-9613
-9614
-9614
-9617
-9625
-9628
-9629
-9629
-9629
-9629
-9630
-9634
-9638
-9643
-9645
-9647
-9647
-9647
-9648
-9652
-9653
-9658
-9658
-9658
-9662
-9663
-9666
-9668
-9669
-9673
-9674
-9674
-9682
-9684
-9685
-9687
-9688
-9693
-9701
-9702
-9703
-9704
-9705
-9706
-9708
-9709
-9710
-9711
-9711
-9712
-9712
-9719
-9724
-9725
-9728
-9733
-9735
-9736
-9737
-9739
-9741
-9745
-9746
-9748
-9749
-9750
-9754
-9754
-9756
-9756
-9759
-9763
-9764
-9764
-9767
-9769
-9770
-9778
-9782
-9784
-9788
-9795
-9796
-9799
-9802
-9804
-9807
-9812
-9822
-9827
-9828
-9829
-9830
-9834
-9837
-9843
-9843
-9846
-9847
-9848
-9849
-9850
-9851
-9853
-9854
-9861
-9862
-9867
-9868
-9869
-9873
-9873
-9874
-9874
-9880
-9881
-9882
-9884
-9887
-9889
-9891
-9892
-9892
-9893
-9893
-9897
-9899
-9901
-9901
-9903
-9905
-9906
-9908
-9908
-9909
-9909
-9909
-9914
-9919
-9921
-9924
-9927
-9928
-9929
-9929
-9930
-9931
-9931
-9933
-9936
-9936
-9939
-9940
-9941
-9941
-9942
-9947
-9948
-9948
-9949
-9949
-9951
-9953
-9953
-9956
-9956
-9961
-9961
-9962
-9964
-9968
-9968
-9972
-9977
-9977
-9982
-9983
-9985
-9987
-9988
-9989
-9994
-9994
-9999
