10000
-1929
-1156
5202
-8007
1066
-4573
5441
-3101
7349
-5732
3460
-6584
5745
421
9871
-3204
-8611
7291
7460
-3879
-1557
-191
8856
8748
-3575
1096
991
-9101
-6427
-2178
8148
2732
-2173
2671
2572
-4610
-2091
-4038
2968
7270
2377
3898
-1598
-2168
2969
7451
399
1735
4647
-1017
-5518
6943
9787
2147
-4260
1254
-3347
2785
-7522
-969
-5602
-1574
-2744
-700
-4812
3943
-7523
4081
-542
-669
-5254
8870
9057
-2692
-9584
-6447
7808
-4639
-1278
1162
1975
7294
6291
-6871
5995
-9931
5522
8512
-8312
3805
4587
-9710
-5890
586
-714
-3515
2573
4195
7087
6853
6776
4383
1417
4634
-2276
5346
-7405
-6029
-5294
-5547
-6732
6782
9216
2575
4469
3805
7774
6697
4152
-9526
-7399
-1723
5941
-4507
-6049
4152
8308
8007
-3586
8680
245
1769
7174
6639
6730
-2730
-7637
-6526
8476
-165
-2334
5488
-854
-3076
-6662
-6687
2754
-1444
-3943
5473
-4867
-1842
-2696
-456
-6400
349
9244
-4281
-2831
2085
3937
-9527
-2810
-9593
2381
8118
-2387
4794
838
753
-1386
-5235
3631
-6266
8441
-5040
8207
-2056
-9298
4883
-7090
7583
-6455
-7432
589
6557
3079
6028
8937
5025
-3147
-8554
5469
-25
722
-9247
-2402
8229
2203
2345
559
-2578
5358
1138
-2255
857
1676
-7904
-6956
9383
7296
6295
-6337
-3428
-2555
6582
-1095
-1758
-7918
-3749
-5825
-9554
-4637
-2239
-7858
9803
6859
1429
-8086
188
9545
6425
-7294
-3806
-7037
-4932
-3223
-4437
990
-544
-2375
9963
3963
-4115
8690
-2273
3938
-2566
609
-8571
8441
6381
-7448
4442
5570
3903
149
5429
8017
965
-1338
8575
-9909
-8199
3762
349
3247
5307
-2629
-5490
-9652
-7572
1060
5267
3759
8677
-9048
1512
-9087
-5793
6114
4121
-8106
5148
7747
4635
-6166
9710
1899
3344
2915
-2356
2708
-2463
7177
-7576
-9563
1339
-8831
-3768
8649
-3288
-5581
-8221
4001
-3794
-3593
1910
-1721
5334
6022
3096
7336
-2474
-9160
7132
-76
3464
-5807
6965
9015
9136
-4198
4970
3554
-614
5390
-6264
-7924
1293
8597
7790
7830
8453
8993
-8940
-4753
-399
8210
2177
2919
5419
-8684
9932
-4458
9558
-4587
6438
9410
3983
2896
9259
-8657
1719
718
-9466
1689
4910
9056
1916
6455
-8979
-8123
-5451
5956
6848
177
9868
-3343
-6145
-7151
6443
-1695
-6149
2934
-938
-1468
-5287
-9994
-4208
6908
4149
-8323
3672
5854
2311
213
-7969
5354
2378
9802
-2948
5443
-3239
1266
-8894
-2199
-9444
-2620
8447
-5450
-6461
-9391
-7818
-5134
1497
-9345
-1240
8519
6290
6501
-3936
4056
7652
167
-7009
2301
2564
-7768
3947
-7559
4993
-7627
-524
6053
1954
8687
8335
7519
-3204
3629
7070
2051
7978
-4054
2741
-2685
-5869
-7740
5663
-8114
2302
-4001
-7064
-9919
1854
-9582
-1696
-8370
-6771
5019
-6986
-4134
3108
4590
-3525
6778
-9873
-3263
-1067
-6105
2235
-8193
-3528
-3891
6683
4417
5989
-9506
-1043
-7236
6936
3481
4774
-5084
-4847
4451
1849
1260
-65
-1256
7718
3051
-709
-2057
6362
8838
6267
-7900
3072
-5607
392
5319
9279
272
-1329
-3773
-7903
-1254
-2871
-3771
5220
-8383
9417
5399
-6936
1082
-3196
1201
-9481
-2066
-8292
-8317
1619
-5712
5631
7706
-198
-7317
8271
3363
7076
-1108
5161
5473
2328
4653
5070
6383
-8918
-6263
9594
140
6538
-12
-7143
7101
-1486
-9184
6084
9576
-6446
8735
-9250
-5937
-2670
-168
-954
-7925
8312
2495
7609
3820
-2362
3879
5720
6436
613
9253
2617
2101
7993
-2477
-9853
1534
-113
165
16
-4211
7715
887
-5388
957
8240
-9719
5703
3047
-8258
7813
7541
8107
-7921
4763
-2816
-2342
-4996
-5418
9698
-3006
6879
2371
5810
5157
-1134
4975
2745
-8428
6530
-8805
1109
-5529
7151
3284
262
1291
3406
-3032
-2283
-2043
-7109
-2301
4802
-6587
-6403
1172
-8770
-8833
-6913
-9157
-1207
185
-9612
-7397
-5039
4236
7881
8062
-8364
-8825
-8590
1827
8606
-4697
-6747
-5482
3848
6015
6975
9510
6114
3788
6369
3603
-6512
-2851
7805
-254
-1844
6394
-7792
7615
-5996
3911
130
-4406
-6349
2976
-5459
2826
-4675
8796
-3561
-5208
9529
6541
6124
-9711
-1940
2891
1004
4648
-1073
-2150
4936
1514
-9519
-4261
-5238
-5138
-2919
-9204
3748
4788
-7067
6426
7035
2748
-1921
-5978
1066
-9647
1904
-612
4886
5637
6036
-9561
2559
-2089
-6254
-361
-3321
-8887
-5204
6156
4553
4344
-574
2822
9211
-9569
-714
-80
7191
-5793
-9546
5290
-1544
7816
7549
-9712
8782
-8314
-6427
-4891
-2171
1803
9113
-6227
3382
336
-8963
1399
4477
8572
8596
8938
-2403
-3677
-3894
-8418
6218
-1621
9735
-334
7927
-6
9725
-8453
-3751
4411
8448
4497
-1335
8077
-4122
7376
-7836
-2937
2492
-7267
-326
3012
7591
-6117
2830
7327
-5428
-2750
560
3771
1176
-6227
9907
9344
-1702
8415
-5027
2960
2345
6834
-3506
441
-4466
-3087
70
-6225
-6377
-7277
-6871
1510
-389
1395
-4075
-3542
5228
6202
7724
8456
961
5855
5976
7575
7887
3825
-3344
1680
1365
-5604
3608
4303
4266
-8178
-5025
-7300
-8706
-5898
2052
-2655
921
-2368
7965
-6740
-9399
854
9093
-2589
6589
3726
8695
5835
6812
-601
6535
-4695
-5837
-1116
-2230
-7650
-8951
3544
4711
-5446
-6947
-4738
9007
3160
-2022
9249
1539
-1442
2880
1265
-7248
-657
5751
5213
5413
-8627
-5117
-1828
-1952
4490
-6316
-5126
-7389
5418
-587
6507
4958
-605
584
1334
-3506
7510
8386
503
-2134
3903
-8760
-8040
-1331
-7157
-8096
-8031
2518
-9131
8623
-7665
-6915
-3018
3650
-2169
2553
-7511
6909
5099
5472
-9570
1910
-2160
1900
-8461
-4496
2307
-1211
-7775
6130
2014
-4601
-4379
808
-1250
666
5290
5487
-4163
-1565
-3546
-3481
-219
-4587
-7000
-8576
1032
-6371
7861
-1218
-2794
-9903
3173
-5100
-5714
5552
-4035
-2753
5603
9340
-3289
-6299
9337
-8764
1065
843
9365
2787
-3836
4580
58
-6604
2650
5603
1909
-9262
-9977
-5129
-1057
-9244
2352
3265
5154
-8986
-9051
-6435
-5874
-2791
2848
8341
-3432
3194
-6312
7256
-4633
-858
-7134
-3285
4095
5849
282
1069
-1580
-9494
2469
1370
-9455
5693
-4842
-6593
3048
9324
6303
7285
8078
170
-2114
6396
1945
-5012
7629
-4993
-9612
3896
-2366
2207
6825
-4056
3894
745
59
1419
7145
3709
6830
-1385
-5561
-926
-6169
-1071
-351
1633
-3024
9561
-2760
-3265
8060
-9921
-7034
-2959
462
-6003
6853
-1896
-1299
4985
3168
2566
-3819
-9001
9933
-6954
8825
-7967
-3481
-5803
-737
8537
2328
9297
5958
-4997
-8036
998
1305
3247
4401
-1718
-2299
-2542
-9371
7206
5044
2304
5515
-1134
9839
-9004
-6984
8544
5678
2429
-4863
-2480
-2250
7525
-3353
-7546
8392
-1241
-2053
-5565
5191
2554
1974
-4330
1722
-1188
7609
-7334
-7720
8954
3637
5634
-6073
-8071
-927
5505
1996
6280
1803
3289
8755
-1888
-7395
2267
-9583
9764
5316
-1639
2068
1752
-2446
-4626
-1467
632
-3823
-5127
-1489
3898
4464
7937
-7227
-9478
-1223
9037
1367
-5410
-3173
-3572
4872
-351
-5664
-3610
128
7744
8864
-2948
-4941
-8399
-4148
5644
-425
-5901
1980
-4610
8327
-8180
2361
3638
3202
-6300
-688
2745
2015
4774
-7660
5768
1680
510
7161
3036
6192
8305
-4587
4525
2099
8333
-5490
8340
5707
-1392
-9961
102
-5816
7192
717
8209
3035
3920
-6751
4044
4370
-76
897
1214
-8733
2632
-7459
-7047
-4682
8857
-8276
-2221
2971
9595
3954
474
2735
-512
-8259
-5369
9595
9594
8665
1037
6560
7036
-1891
4291
-6732
2265
9053
-5489
-5526
-3032
2165
-7811
-3345
-1293
7062
-5134
-9763
1617
3211
7663
7943
-3532
-9039
-2704
5670
9405
-618
-2251
8260
-4201
4989
-6621
-2573
2191
-6412
4747
-2371
-7314
3510
54
-9847
5974
-6474
4936
-6327
4955
3441
4770
6144
-6943
2115
-9942
-695
6958
-3005
1702
-795
-9507
-2591
-2621
505
-6527
-1656
-2037
-4532
8173
-6060
-9274
-9103
-535
8548
-9486
-1407
-6971
9537
-607
-4328
7481
-1330
2864
-8995
2477
3932
2023
-748
6752
2396
469
-468
3081
-2201
-4150
-3397
8643
8536
-7020
-9645
-3866
-2410
-7990
3535
-5249
-2547
-5908
3027
5368
-7512
-2472
-848
3740
-9428
8694
819
-454
5357
-6843
4556
2516
-2258
-5011
-9192
-5158
9426
-8306
-2816
-1484
4547
7316
620
2109
6641
1755
-315
5390
-4406
4942
-9941
8713
-564
8416
4513
4939
5228
-8741
-773
-7589
3969
-5030
8061
-6046
7719
4533
-4204
-1228
9910
1060
4910
-5329
-3394
-4707
-1646
-4080
9119
6716
2815
2786
1458
1831
-5417
-2286
-4802
-3344
-6101
3604
3303
-2779
1363
3228
-1397
7735
4388
9506
-8506
-555
3414
949
-5621
1368
-6577
9654
2794
6457
9758
6386
-7865
-2639
4378
258
5653
-7823
493
-477
-5205
6354
2200
3432
815
4569
9802
-2261
4450
3894
-3671
38
-8286
-9899
-7026
8084
-8716
-5531
-2001
-2524
7440
3623
7970
-5869
6425
-5017
7274
-4451
-5072
8505
-7751
6857
-7286
8911
-176
-9956
7380
-6894
6458
-5863
-1209
-939
-8635
-1105
2548
3796
-9436
9883
-8835
-3332
5926
9356
-5207
9972
-9110
8214
2726
-4090
6065
-3602
-6369
-9130
5533
-6665
2845
-2343
-168
-4635
-2507
-5728
-4277
66
-7284
-2859
6533
5832
2077
-850
3204
-6338
-8071
4219
-1860
2444
744
4083
-7044
-986
7168
613
-4849
-7876
-9014
8598
6154
-2130
7910
-640
9604
3420
9000
7569
-5861
2331
3860
4561
106
583
-8483
-9483
9993
-3831
8980
-8399
3688
8364
4480
-3382
-4590
1904
-4102
784
3221
7308
8882
-9483
4144
-2113
7013
-3
-7743
2586
-5535
-8855
1249
3716
7752
2218
-625
1582
1517
-6722
1747
4570
-1133
-7918
5818
-1478
-3367
-751
4843
-7286
-2466
-9235
-6354
-5392
-2785
7727
-8451
7878
-6044
2945
3171
5674
-5002
5442
-585
731
7666
7250
-2722
-4536
-7143
1546
6245
-7784
-7299
-9908
-5448
4302
991
7915
-7869
2678
-7783
2063
3139
642
6708
1109
-3662
2194
-485
-2873
-9557
-7672
7762
-8370
174
-182
-3773
3306
4320
2977
8375
-4703
-2361
-7080
5986
6703
5979
3609
8791
-7195
7960
-2204
4038
8902
-7258
322
-2607
1283
-9123
4782
-2533
2729
-8957
4847
2890
7380
5339
-7712
-7618
5888
-8579
4508
5531
-4287
-9846
-8488
-849
-3011
8278
-6836
7346
-2139
6096
-540
2003
-1580
-8967
1146
-5282
-6621
7026
7121
-1343
5270
-3758
-4824
3346
-6753
6554
-1676
6330
5335
-2673
9674
4783
-3841
-7664
-5949
4483
-1510
-7419
803
-216
-323
-1777
8710
-8252
-3125
230
-467
-2935
-982
-6350
-5244
-6074
-6246
276
-6127
-6308
-1069
8857
6844
-7330
-4450
-4983
4314
2055
9667
-4735
-3028
-442
7017
-3703
-8884
-2878
9776
-717
3430
305
6613
4241
-3882
4928
-9204
7068
-1727
216
2255
7983
-6679
4376
2134
2806
-802
-1571
4907
-1374
7125
9137
2730
-6342
-4382
4936
-3450
-6984
2731
-545
2279
-1434
-3813
-7503
-4076
-9153
-6596
6362
-6105
-6478
-4729
2494
-143
-2448
736
-6450
-4225
-650
2026
3132
1158
7028
7445
-348
-3351
6615
-9851
-1698
6290
-2644
7623
-7435
5753
-5131
7845
6126
-4503
916
2913
-9045
3913
7627
4893
-9169
-2071
8471
3846
-4821
9899
7532
-9211
-1682
1807
9172
3581
-3829
-539
218
-733
1102
-923
1687
1812
9267
493
7298
8308
3625
9947
-4488
-5751
-3857
-4967
-7503
-4464
3515
-7705
-6512
-5292
-6492
-6256
7907
-9000
442
-1288
-6818
4993
8613
-2401
8299
-1518
5995
6627
-9398
2154
-86
3872
3118
8681
-7887
5455
4609
8518
-337
-4112
3382
-4440
-5123
925
-3459
7957
9011
-4235
-6079
-2482
-9475
6285
-6364
5682
-7172
-8697
-7583
4063
-2046
160
-2249
3797
-4000
-5945
-3835
1918
4965
-9647
5055
-6778
6183
8983
8036
339
3859
-1102
-7138
-9609
9949
-9476
6125
7019
5120
-8333
-4467
7069
2087
1514
-2318
8606
389
5781
5425
2427
-2423
822
282
2438
-3588
4772
-696
-4713
4191
2945
-1098
5827
2473
8987
-5951
85
2261
-4621
-4551
5223
-686
-1608
-9389
5503
5536
7594
-6661
-2187
521
857
-9140
1039
-9430
-7714
-5798
-3229
8642
6261
-8996
-1977
8215
7550
9130
-1985
8772
6467
-925
282
4095
7415
-9617
-1716
-5984
56
7280
-2048
2708
-8503
1034
4977
-4935
5135
-1817
4885
-6881
2721
482
-5287
4158
9830
9962
-706
-7905
-4420
8709
2124
9407
-1312
2241
2606
7378
-9025
3956
4477
-3049
716
4759
2354
1181
-9770
8996
-4770
247
5681
-9658
-4249
-8163
5692
630
6220
4880
-1402
-2261
8199
3460
-596
3466
5826
129
-4691
-2975
5033
7642
-2296
-3420
-1059
7763
6925
5488
-4604
-9724
-9764
-8312
-4428
1844
6236
-2247
-7107
3996
-7354
-5936
-6208
1356
-8380
5216
-2979
-5592
-6638
9956
-9647
4273
-2576
2039
-4999
-2421
364
-3643
4618
-7968
5565
1877
-3190
5069
9485
4053
323
3323
9401
-3380
8709
-9264
3677
-2438
3749
-8014
9910
756
1544
-7387
-5255
-8519
-7704
4114
-6768
-3551
9736
3696
-6498
-8154
8212
4838
7502
3478
-5130
-21
3604
-7897
3310
-301
-3678
4815
9623
-8035
8954
5973
-8573
-9469
-9704
-1425
4870
-9037
9739
-3166
-784
-6420
5525
-8277
-5999
3455
1824
6368
-5475
2835
9591
2998
-1503
-5568
-9709
-4165
1032
-699
282
-7681
-6379
-6724
8569
1701
3600
3336
9990
8269
-1095
3082
4132
-151
5134
-4668
9360
521
6614
-4444
-2075
-2973
7629
427
-6165
-8129
7850
7846
-3805
9420
-9861
9252
1231
-1942
-2494
2268
-4980
-7945
-9673
-3357
4814
-385
6022
6741
-2779
-1218
-7076
-289
8497
-9941
-8376
-5321
-580
4867
2530
-1869
3018
5277
6719
-1723
3178
2361
-398
-1963
-7131
8160
7974
-2868
767
2846
5071
4437
-9217
-3862
-2272
4006
5485
-6860
9155
5611
-8076
-5230
8467
-7094
-35
-4403
9116
4944
-7266
-4941
5425
4683
6137
-5226
3610
7564
5229
5801
6121
7150
-393
-2463
7216
3440
3400
-9795
-9653
1988
7460
9972
9299
-3778
-6842
-5494
-8658
9245
-5060
9966
-3120
4404
-2659
319
6814
-5557
-2034
7560
1516
-9202
-8461
701
1558
3186
9269
-4531
-1876
-9953
9024
-5847
-7022
254
6020
-9115
5164
4902
3545
-5625
-2795
-1190
-2034
1869
9861
2795
-596
783
-9578
6890
3069
-6474
596
-8355
4624
6923
8697
8463
4923
948
-2762
-6687
2304
-7921
8376
-512
-984
1473
8262
1878
-700
-7370
8398
1355
4731
-846
-8616
-4698
3812
-9708
-2370
-5310
6764
9077
8291
-3129
-5786
3982
5412
6221
8066
-6522
3306
6826
9368
-1064
-5169
-5903
-1810
-373
9097
2265
-2142
3537
-9356
8651
6169
5636
-2481
-5364
-8970
3968
-3495
-6369
-4646
815
9883
-7812
-5119
3816
9554
-2147
2074
9820
654
1309
5103
-2001
-1003
-3067
3086
-9948
-7576
-483
-8026
279
-7791
7863
5481
6851
-3860
-7398
5848
-3537
-6682
-753
6057
113
2455
6144
1346
-7844
1415
7569
-3004
-1695
-4441
3536
6430
-618
-3226
-8666
9536
-8194
8292
3679
4457
-4198
-1546
-8020
-3299
9054
-469
-116
-2248
340
1437
-8355
417
-646
-4184
-2743
-1083
-3453
-4306
-9764
9634
2058
8675
258
9699
6800
-8063
-9271
5074
5594
1469
-9756
-1439
3441
-3666
3824
1657
495
-5345
8467
-1510
3773
8077
9579
-8261
7571
3892
-1333
-969
4635
-4483
-2588
4234
8041
-2625
-5011
9831
-6064
-7172
-9892
3385
-1560
-2430
6636
8254
3978
4674
-268
1468
-6576
2259
4289
-3572
-3619
-268
1804
8983
-3337
9424
-5797
-5430
-4530
-1350
7929
9122
428
9412
8931
-8535
-2604
9703
-5930
-3161
1166
8649
2350
-2267
-22
-1938
-788
3107
-7768
5891
5159
-8054
6858
-6080
2661
-7026
-847
1452
8211
4742
-7731
-7729
6529
-7791
-3007
6528
2122
-624
2082
-1679
1780
7603
-882
3443
-1106
4017
4220
3865
8596
1094
2896
4935
5441
-7507
2062
-2890
2133
-3020
-5573
-672
-8650
6896
-451
1154
7797
228
9018
2256
-7712
7503
-6169
-8813
-4972
248
-2399
5801
-109
-2192
3684
-2574
3028
1060
-1443
3480
1741
-8912
2043
-2951
8443
-6254
808
9376
-8324
830
-991
-264
-6297
7121
6515
4954
2488
6416
-4771
3249
7314
1325
-1959
-651
646
3574
-2740
2632
-8231
-8111
74
-9408
-4434
-2062
1707
411
-2054
3810
-3632
5784
8455
-9483
-2242
7586
4671
-3067
2688
-7271
5304
-3005
-297
6271
-3736
-7139
-9987
4561
-3726
7188
7803
-4124
1018
-1240
5131
7525
-8801
2557
-3387
-3723
7863
-4323
7850
-9891
-5802
9596
4377
-397
7809
4077
997
-4832
-3819
-8760
3463
-5496
6489
5857
-6003
-3406
-9084
7779
-808
9432
6072
487
1850
888
-406
804
-5846
2124
6405
9541
3857
-5801
7976
5140
-3372
-2420
-3637
8464
-7193
-6634
4586
9925
1880
-1722
-6989
-575
-943
-2622
9547
-2762
8757
4258
4124
5300
-7744
-69
853
-6780
-1053
2576
-8565
-2972
-6442
2855
1424
-2602
1896
-6225
-5136
8184
5099
4924
2472
-8321
-8285
-1165
7697
8219
-3259
-5284
-7542
-4030
3648
-2424
-9892
7907
6152
-4084
-9827
-8406
-3116
-7888
-3364
9716
4250
-3069
3473
-478
-512
9193
-5685
-3228
8444
3871
5380
-9435
8900
-2828
-6351
8170
-7060
-5653
5734
7705
5130
-7026
8758
-5486
3516
-7523
6686
-3523
6644
-7099
-9634
-5312
-7964
-3024
-6550
-3540
-7300
477
-521
5463
7288
-7747
7375
6928
-7585
-9197
-3509
1697
6192
6094
-2922
-4515
-4461
-602
-8965
-8222
-4482
4471
-8010
-9476
3717
6357
5187
-494
6027
-6119
-5996
2581
-3626
1219
-6456
9454
-9276
8039
-874
7540
-8154
-7087
-2551
7662
-570
-7326
-2235
2284
8219
5288
7169
934
189
-8116
-7082
7465
9071
6139
-3741
-1309
2509
-2153
-8305
-7696
7187
-9329
-516
-5917
6425
-9351
-7887
-4816
1326
858
-2327
-3293
8633
-2923
-7185
-1583
1667
2289
-3883
4287
3410
-1119
3770
8731
1895
25
9274
-9951
933
4597
1896
5458
2384
4687
-4064
1854
6234
2638
-8745
1769
6881
8935
367
-5569
-2795
865
-211
-4311
-8779
-8715
-3983
-2969
3907
1095
-9947
1276
-6184
2703
2892
-5839
4587
-2146
7675
4786
7555
-2372
5736
9269
639
-8001
-6139
-2013
3524
1633
4408
5967
-1686
-7977
-2856
5194
7480
4313
4089
1693
2170
-8451
-5500
-1008
-5337
7793
8839
-4364
4571
-9437
-1317
5729
-4061
5183
8618
-5013
4484
-2884
-5577
9568
4408
-1357
-9535
-1971
6346
5944
-7510
1952
-7552
874
1331
6434
-5530
5682
-1950
103
4478
-1718
-8827
2131
3189
-341
-9666
1044
6857
-8728
8236
3683
6516
4234
-21
-9594
8824
-2115
-2442
-5611
-8508
-336
-9209
2983
-9480
-8258
5225
2793
7117
5598
7727
1004
-1838
-2712
-95
6786
-9804
9143
801
-9874
-5508
-2594
-3122
364
5871
4872
2846
-5037
-7949
-2129
-5859
-5989
3004
-2832
650
7277
3901
9490
4233
-4355
6208
1450
3606
1670
6865
-7561
2036
-3100
7947
-5086
-8682
-2929
-7813
4199
1747
1636
-5296
2733
-2286
5689
9722
-6241
9541
5987
-5904
-2945
-2287
559
-9122
-4208
-9782
1910
-1444
-1182
-6272
3026
-5091
4101
2613
-2334
-518
-5053
-7450
-4917
3433
6160
-7782
-2369
-9340
4112
-3542
-5317
-8989
6001
4645
853
5263
-3897
7290
-3331
-2319
8546
8330
4103
7212
9623
4136
8277
4966
-1285
7180
1480
-6816
-1155
-7412
-2126
-6623
-129
-5354
-8105
-1551
-1679
-6365
-7792
9498
-1258
207
675
-3946
-2632
-1651
-2290
-9788
4877
9946
9696
1060
-4659
-324
-76
250
2628
4284
1533
791
8750
6946
2772
4040
3609
2924
7313
4858
-154
-8562
-6808
-5361
9289
-69
582
-2883
-1865
-6576
-2848
-6016
3423
3692
-864
2581
1546
-1421
1941
4337
-8757
5454
8018
4908
2342
7733
3103
3071
7621
-7041
-1342
-8649
-9228
-7607
-2294
-8327
501
4047
-2790
-6613
4970
6815
-9936
-8897
6011
3961
1278
-8563
-5020
-3536
-601
6178
1474
-4444
803
-2956
7570
-5859
3112
7900
6111
1853
-1971
8448
7117
2109
324
2128
885
-6265
-8183
5381
-9414
9943
5887
2996
5443
625
8081
7790
-3452
-6434
7109
-7069
-332
-8569
-2760
-8774
-8425
-6837
-12
3173
4125
-6649
2105
-4695
-8029
7974
-4330
2471
-8511
-3741
-3578
-5581
-9223
-9674
8663
-6569
3014
4622
3913
8598
-6543
6055
-4172
6474
-7944
154
-5798
-3017
-9968
-6945
-1998
4532
4933
-5415
-5555
205
-6124
8073
-5294
-1497
1292
-1568
2797
-9862
912
-4531
3063
-8007
-9145
9031
394
-715
-2331
-5087
4457
-2905
2337
5992
5229
-6747
9871
9279
8183
-8430
-746
-1404
7613
-4597
3313
6892
2170
9185
2621
6601
8103
-1094
-9101
-8515
4983
-1950
3913
4662
2981
1843
-4907
-2827
-3224
-9539
4881
-3740
3870
-4803
5229
648
-5206
173
-2039
8899
-5674
3185
-2555
862
7215
-5209
9342
-7339
-2646
-8527
3617
-6439
8040
-2068
-3181
-963
7188
7666
4665
-7654
-4258
-5941
2567
3677
6303
7763
3624
-5848
413
-8182
-128
4234
6572
-345
2231
-4512
-2945
-2086
-1094
4474
-8309
9286
4327
-4836
-8884
-472
4829
-5759
7878
-4986
402
-7895
8026
-1257
-832
-616
5732
-8648
-412
-8756
-4044
9517
1328
3702
-6607
-5479
-1907
5023
-6638
-6871
-3698
-1951
2319
-1163
2186
-2562
619
-7733
8792
-6939
-9314
8700
9845
5414
3607
-4691
198
9459
1810
4392
-6620
412
3103
-3216
5824
6977
8775
-9535
-9363
-3868
1765
-7041
-9948
-2318
9367
-6828
-814
392
8718
8468
2628
2648
-6455
5919
8785
-7617
-362
5401
9179
-587
-2745
517
5906
9516
6642
3021
-9314
-7183
-3201
3575
-8629
-1195
9733
-864
5779
7626
-4020
2218
1366
-6350
4269
1128
1028
8223
6043
-5554
-4359
-2866
8722
7747
-2496
9732
332
-1775
-7357
-2801
-1793
9650
9613
2736
1615
7358
9524
3336
-2522
-2789
-430
-1171
-5660
-4367
-1303
4933
-6615
-4391
6173
7041
-813
9577
5390
-800
-1664
-3056
1160
5467
-1175
4632
-6534
-3867
4610
-8402
-2139
5494
2214
7644
5537
-3305
7636
1782
-2585
-1443
-832
3544
8417
-2838
7855
-2645
-3215
-9236
8393
-1342
6842
6732
-7083
-1660
-8294
-2604
4095
-6176
-9901
1076
7313
6078
-346
5349
7936
-7885
8483
-5463
-9197
9153
-257
-4068
-6050
-2336
5888
9669
-3286
-738
-2186
9900
5938
-9494
2900
-9796
-3952
4510
-3038
-4646
-8374
258
-5045
6298
1624
-4146
-2755
910
-7583
-5685
5718
9681
-5634
8667
-9703
3908
-2548
-443
2187
6191
-5623
100
8508
8762
7901
3647
-8574
-630
-4124
-9191
-7007
9403
-664
-9843
-1298
-5331
-6837
9378
8526
-7543
-6443
2152
-4079
142
-9994
7794
-1315
-3628
2896
-2278
-4913
8255
7855
2180
-3065
4373
6839
-8545
-215
9095
-4584
4208
4897
-3098
3182
472
-1156
-7532
6440
677
7769
-6368
1608
-1385
-2411
8246
-1876
3246
4860
4660
-5913
-1020
-5212
-7652
-2886
1293
-3755
-6784
-8135
-5032
1868
9457
-6290
-5292
-2849
-4599
-1956
-2552
-2989
-7615
3219
322
5049
-2939
3108
133
-2790
-7009
-4125
-5539
-469
-8805
6903
927
8378
-5459
3633
-2480
2709
6432
6693
3874
9338
4689
-1239
168
-1716
796
9832
8984
-3884
2328
-6103
-2965
-5069
-8479
5206
-3084
-1239
-2004
-4787
5503
-4276
-769
6969
-814
-3824
6630
-3861
6040
-5804
-8379
-1678
5106
745
-7945
3968
2596
-2000
214
-7302
-8069
-5464
-1203
-8282
-6623
-9848
-6842
-5793
-1361
9365
-2973
-2213
-1518
-922
-8589
618
-882
9224
7153
-8571
-7923
-8767
3785
-6718
-5514
-5473
-2963
7973
479
-3875
-8672
-2122
8523
5096
873
6216
3319
-7676
-3621
7239
-800
2802
-518
-7405
-1110
-178
2157
6367
6819
-8250
-6411
5841
-5836
8733
4529
-8130
-2283
-8470
8584
-84
-6918
7435
-9561
5673
-8128
-1673
-4947
5709
7536
-5649
1375
-6357
8320
1415
996
-2290
-7903
-8127
-6152
-1024
8949
335
3084
431
-9668
2344
-417
3082
-1245
-2096
5200
-8941
9985
-3269
3836
2011
5566
1405
2512
5382
206
3811
455
-3548
1333
-7922
8966
-1400
-9356
-7187
8988
-4987
-7272
-8179
2497
5063
-8696
-9496
7913
-6648
-5756
8722
5395
-6374
6527
8569
9847
8696
-4520
811
-2408
8079
-8574
838
2372
1435
3009
-7997
2704
-3338
-6639
9921
-416
-5836
-2214
-9243
-4670
-3819
-1772
6631
-3667
7734
-9097
-1610
2846
6420
7723
-8686
-7013
4268
-4559
-2417
185
-2933
4856
4450
-6275
-7388
-900
-6848
8679
4606
-8064
1810
5710
-3702
-8487
-2703
3646
5246
-9198
-8973
-9953
7179
-7146
7513
4248
-5896
1378
3905
-5612
-458
109
-8664
3670
8424
3666
-3840
8707
8538
-3395
-8560
-2951
210
-6378
2898
-2705
1549
4688
7862
6304
-5621
-3035
1322
-397
-6493
-4548
5738
-6144
1244
6451
-6584
2526
-1312
-5589
7849
5328
-2559
167
-9145
-4463
9872
390
7943
-3962
7580
9886
9387
-1767
-5305
2034
-8026
-2135
432
-114
6818
8915
-5078
-780
-5732
8964
8487
4435
-6983
5945
-9065
6914
5954
-3656
-8970
2480
5885
5231
-88
-9164
-9982
8695
-9728
-370
-8101
-7893
5268
7092
3367
5682
5714
7130
1026
3430
-5933
-8939
5874
-6699
-4917
5060
-3286
2514
-9437
5285
8697
4889
-526
5625
8126
-2406
-4546
4930
8894
-4296
-9769
9723
-3798
4124
-6076
3412
-3368
2063
9182
2827
3820
1369
4130
-7909
7104
-2793
-5726
7826
4690
-9060
2997
-822
-9933
-4557
-4143
4782
4516
1971
-8919
5079
6856
-7427
3948
5810
7418
983
6015
-2726
-1853
7395
-8025
-7573
-9341
7663
730
1371
187
-2980
-6828
-5580
-5045
-7226
4882
-2395
-3969
-5718
-6379
-632
5258
-1124
5879
-2767
-6329
8702
-7907
-6093
4923
-7681
4668
-1614
712
-5324
-1349
-3230
2997
4103
1555
1008
9389
-4319
8940
-9889
4066
-6582
5924
-9138
-2938
5660
-9150
-5641
-8876
-7727
-5871
5004
3027
5589
798
-1677
8968
8970
1766
2283
5135
-2004
8005
8469
2160
359
-7809
-8076
8333
-1947
5526
-9184
5126
9723
2720
2098
6320
-9034
-4170
4041
5263
-2458
-478
8592
-1115
3829
299
3412
9576
3397
-8610
-2936
-9012
-2374
-3967
-9293
662
2235
7497
6503
4557
-6209
-8767
9801
-6262
-8985
6706
1214
-5938
-2426
6396
-7110
6007
-5542
5325
-4950
-290
-7676
1097
-5992
-6692
2
4098
-7288
-3057
8896
6716
1876
5319
-4309
4784
5681
-4505
2335
-7722
1269
4406
-7030
-3038
-128
-1129
4702
3147
6205
-6083
-2152
-126
-2479
-4702
6326
7798
-8136
-3688
3825
6161
6624
-8358
-1446
-2507
1101
-1389
-3687
5808
9019
7405
-4959
6498
4598
-9210
-2840
-4712
7042
3708
141
-9514
9825
-3223
6564
8793
-9693
-8012
-4247
5371
-3061
9117
-5840
7155
-7276
-4135
-6203
-9736
9903
7013
-2936
2538
2297
-5097
-9837
6310
6577
7340
3272
-4517
-9625
-514
-7223
2584
-5558
-8555
-7467
-5388
8734
-4980
4191
-7470
4984
8094
-8066
9868
-7855
8239
-3917
8968
-8308
-6339
6246
7012
4396
6959
-9058
4144
6825
3136
-5416
-4740
-2124
-7743
-5913
-843
8544
1562
-4111
9549
5199
7392
7232
197
4492
1521
-3516
5417
6859
-7877
1041
1482
-8139
-677
6472
1398
3916
-2182
2277
5888
484
5233
5124
1322
6207
-4419
-9534
-8753
-497
522
8454
-1788
6029
9052
-7574
5183
2537
7476
-7437
2743
6676
1640
2211
5441
5890
1299
-1916
-3325
4401
7547
9330
-4271
-8895
-880
-9378
-1916
-800
6311
-3753
-9408
6498
-6820
-2256
-6209
-761
-5252
-9113
-5989
-470
3057
-2717
-6749
9931
-2232
6508
6649
1248
2189
6992
3637
-1334
-1897
-5198
-8884
9055
-9121
4317
3240
4916
5550
497
-7973
7080
-9648
9351
-6086
2404
6692
-2247
3873
4041
2575
3343
-5799
246
-4842
-7305
-4480
-676
-6564
-3093
9156
9849
4756
-1662
522
-7086
-4594
-6541
1413
1348
5317
5620
-8528
-5709
-5303
4159
-7648
-5905
5425
-8980
-3541
-4355
7531
3658
-3812
-5547
-8481
3420
-4499
-4367
-2982
-7777
3544
1839
-8577
-2099
9843
-8191
5800
-3150
1140
-6031
-8325
-8661
3876
8899
-70
-920
-2484
-2965
3821
-3662
6990
7525
-7575
-1777
-2190
-55
-1369
-3665
-7719
1305
7930
-4723
2362
-8275
1463
7244
9110
-8756
2910
6730
-7933
-3537
-2945
-4644
3361
-3001
-7659
8982
27
-7927
6058
763
1504
-5132
4736
-3717
9685
-9746
4725
4397
-2714
-4333
669
-1165
9178
8901
-6835
-3235
-3999
9565
1293
38
6604
-8351
-5265
-9554
2751
-387
1635
-5950
-4678
-9343
7015
-1489
-49
-5903
8422
-5191
5275
4334
-8294
6262
-9176
2843
3726
6438
7337
-6078
-2268
2182
6544
-2031
-3632
2919
-4738
7341
5732
-3176
-6419
5300
-6921
-7151
8687
6264
943
-3785
2472
-2934
-233
8366
5752
-619
4060
4219
-2719
581
-658
2765
-4008
1566
-8733
5099
7916
-9449
5986
6137
3944
8962
-7895
-8999
-6240
6063
-1373
8891
-7221
-4079
-2773
630
-1935
1254
-4658
-6184
1370
5950
-7321
-7560
-4746
-7087
5083
7373
-6265
3912
-4662
-492
-5007
-9614
661
4015
2321
-3273
946
-8464
-4071
1931
5244
-1470
5123
-8803
9530
-1177
-3172
-8738
6141
-597
8425
-162
5271
4888
7294
-770
-3236
-4637
-5731
-6323
4212
2982
8800
3520
9348
-8091
-7339
7968
-1871
9971
-7714
-8570
-793
5054
-9512
-8094
1505
1030
323
-395
5955
-5103
703
-3702
8031
-3815
-3254
1362
-2668
5562
-1863
9716
1344
2865
-2072
7331
-5253
4376
-7310
7670
986
8982
-7624
3480
-3908
7587
3204
4737
-3141
2358
-8615
9314
-6395
-7712
9842
-8286
8362
-4281
3966
1771
-4842
2652
-29
-6140
6793
-8178
-8555
-9204
-5128
5686
4526
-8906
-7680
7341
-9182
9589
-2745
-255
9585
4455
-5554
8078
4279
-274
-7704
9425
-2311
-52
-9007
6357
-2059
793
-2346
4543
-4376
4582
-6077
-480
2187
-7002
6673
-171
-1742
5840
4496
-1184
6975
3598
-1014
9078
-4466
959
5207
-7853
-7309
4219
-7205
4433
708
-4575
8833
7970
5032
2395
8126
7715
-1621
-7
-723
-3283
1460
5533
-3505
7246
-3398
5996
-7561
9163
2126
-4289
-4558
1012
470
-4789
-6864
-3455
5635
-715
1126
5380
804
-2265
-5641
-4191
-9118
7223
4887
1831
-7758
-5245
1152
-2154
-3393
3319
-3470
6885
1269
-2412
-609
-3590
9449
-8000
-6368
704
-6475
-4062
9138
-7663
-1422
-6971
-5089
-6077
8891
1507
-3737
9995
4348
-2004
1727
-8532
9787
7854
6377
-8021
3145
7862
-5001
3210
7703
8745
-9999
6041
2592
9424
7156
4948
-7929
-6149
-6180
-5859
-5634
9339
-472
5091
-1852
-7245
2038
-2827
7602
631
-1579
7423
-6229
-8877
-4020
7018
6128
-9830
-2951
-8738
4889
-3844
368
-4391
-9893
-9484
-7096
-845
6047
3416
8174
4246
3682
-1517
-8623
-5851
-4853
6654
8899
9913
3217
1775
73
3128
7416
-9419
-9041
7906
-9968
-7193
305
-4863
-684
-5673
8630
3794
9680
5567
-5017
-1325
1304
-5076
-8832
-1052
-2227
6772
1194
-3352
-818
-8215
-2880
-7304
4531
6008
5316
4087
-3022
5169
6857
-8963
-1541
-6058
5009
59
5243
8796
-6293
9191
6875
8318
4212
8406
-6990
734
8637
-6387
8169
-5296
8962
8965
-7448
-6003
2449
-3698
2479
9578
-2120
-7286
3473
9899
3100
9167
-7547
6130
-7935
-2051
4618
-2691
3335
-7880
-5119
191
-8608
-3829
7980
8345
7978
-8799
-777
5574
7138
-6165
1990
-9854
-6410
4447
1795
5868
8003
4670
-7390
-3447
-4397
7483
9683
-1066
-5515
5129
-3563
-9812
-3110
-1467
7114
2587
7557
-6485
-5791
3485
6462
9641
-2234
-1990
-3273
-3582
9358
-7830
-7086
6106
-528
3849
-8041
-9706
-1945
-2544
-8858
-8289
1804
8114
9057
6442
6823
4526
5306
-8001
-8792
7775
-7864
5157
2581
6244
6394
1530
-2035
4831
-1565
9955
1722
-6459
4601
3173
711
2262
9760
-1185
2564
-6902
1587
-4756
8195
-1797
-879
7795
5330
7328
9785
4702
4167
-6644
5092
-8554
-2495
-7036
-2501
4387
-8183
-8767
-2689
-3872
3462
2290
-3974
-8970
-3497
9083
-7368
6254
3409
4397
5899
-2850
-9989
9656
-2221
-4187
-1038
4887
-6153
3163
8764
808
5907
-7888
8761
-6144
2343
7400
-9137
9319
-2375
-2635
-2204
1252
-3863
6352
-6513
4210
4018
-7990
1831
5130
-9085
-3551
5616
1432
4195
-6104
-717
-9928
-2572
5922
8220
9094
-7724
-1260
-162
-6699
6531
8041
8470
396
2097
8960
7077
-534
8578
1629
-796
-936
4320
339
-4898
-582
767
676
2629
-5184
2453
-4977
434
-5724
971
7658
-6006
-6974
4258
-1053
-3988
-4942
-3196
1323
-6819
1280
1191
-5613
-2
9950
-4048
-2179
-216
-259
7483
-5974
2775
1226
8328
4100
2713
-6900
-2499
-2153
1194
5896
-3347
-3892
-3652
5092
484
9709
6043
1657
-1006
-9123
-8228
-9614
-8362
2484
-1393
-8456
-5291
-6659
2731
746
-7105
-414
9282
-9514
-301
7695
6739
8312
6638
5127
6649
-2041
-8309
-4717
-8908
-1391
2338
-6883
2874
-9629
-3335
-2717
3490
-1234
-5045
8668
9361
-4469
-7271
3089
8174
-8062
6281
3890
-6791
8858
-1421
869
8032
-493
8393
6541
6788
7044
-9345
-3395
-9021
5642
-4647
6964
-3012
9782
5233
9891
-3836
9338
618
9846
-1829
7481
9069
-8703
3458
2164
-8265
-718
-8111
5258
5934
8326
2239
6376
8961
6474
-5442
-2312
4325
-4897
1842
7925
-1974
-8383
1371
-5740
-4627
5976
6796
-991
644
6791
-4559
-6813
2765
1881
-4969
4743
2115
-2250
-8610
1790
-9035
-4806
-1436
1054
2257
-9311
-4708
-6741
-8660
2893
-5094
-3089
1324
1100
-3411
-417
-6847
3906
-2227
5273
6672
8575
-1209
-5553
-9074
5590
-8639
639
-9867
-967
-8792
641
7981
-1903
-995
8895
5660
-6477
6639
1633
-920
5761
-7774
4613
-7461
3775
1070
-947
-355
1676
7098
-4842
-7090
-3274
3739
8117
5120
3133
-5886
2849
8737
-8215
-2571
-400
5207
-9956
-9429
6629
5739
-3255
-8182
3344
7993
-5219
3546
3836
1671
6388
-1149
8162
9032
6266
3487
-5193
-7478
1803
7336
-5893
9583
2008
5616
-3659
-7128
-9093
951
-1718
-6763
-9985
888
9987
-2373
105
-7174
4567
-9739
-9663
-9062
-1330
7385
-1202
6708
-5491
9789
7778
1821
8766
-993
-1799
4694
103
1401
-8702
6650
2024
9643
-8749
-8835
-8632
-8858
-6784
3925
-5328
-9287
-1639
-1257
1814
-9828
-7928
2297
-7451
-7583
2035
-7852
9101
7835
-9745
322
9296
7708
4635
337
1623
-2622
6876
-7546
-9152
-8909
5994
-9643
-8617
4120
2730
8140
3091
8964
3630
351
-490
-8116
2886
-2422
2949
-1482
-172
-5571
-9778
-296
6512
-4816
1328
-7999
-6080
-6006
-1512
-6997
-6472
9556
2874
-44
-6007
1350
-4485
7019
-3902
-3679
8431
-4525
-7363
-447
-3161
9385
5182
-9078
-7317
-5195
3670
-9496
-219
-3114
-6689
-1524
8866
-9702
-2326
7262
-3651
9262
-5897
987
3235
-8549
6150
6029
-1569
-2645
6461
8626
-2352
-9268
-6821
7121
4806
7052
-9204
-3118
-1193
-6958
-2460
4617
7973
7118
-6805
-7045
1955
-1502
-2574
247
718
3073
7372
5133
1309
9162
-3706
9311
8663
-6909
-907
-4468
-153
-8967
9730
-2442
5499
-9314
5897
7902
4379
-2541
1473
854
1673
-281
4750
8911
9916
829
4132
-3530
3803
4606
2886
-6984
-6212
9813
-9750
-4880
6754
-6215
-4824
2415
-134
2839
5837
3083
-4167
-5506
1079
8774
-8023
2049
-9454
-1441
641
-2213
3735
7514
-9264
-857
5860
7881
8666
-2526
8317
7649
7235
7829
-2875
1390
-3948
-7550
2867
-7792
7555
-2151
-183
-9544
-7752
-2769
2988
3410
-6203
4509
-5537
-1251
-5327
-1655
-4529
1705
-2394
-7786
5103
-3597
-5418
-3541
-9045
-8540
-5862
-5160
1580
-1579
3841
-8165
-805
8519
9369
9608
-3863
-262
-6435
8400
-3967
-6713
-1591
-308
4120
4039
6994
-898
482
-2072
-5090
8107
-651
705
906
-6225
5415
756
-6284
-487
-4130
3096
-421
6844
-3815
-8971
2858
988
-8785
-22
3840
-9066
-1251
9071
460
-5072
7034
8425
7019
8175
3316
649
-2235
-382
-4142
-1715
8376
-621
-3621
-3003
-697
-1100
-9278
4454
7948
-3800
-8319
7266
7370
-7363
-9442
-2253
1458
898
-2283
9416
-3209
-1386
-4363
-3967
934
-1855
-7133
-471
4985
-9628
-6638
-4549
-7267
1276
5409
-610
-3269
-8931
-5931
4555
-5424
4893
-9087
-9849
-9509
-2367
695
-643
9225
6436
6849
9710
2937
5067
4258
4286
289
4553
-1669
-4197
-2953
5425
-8315
4142
-8612
4550
-8365
3203
7760
7278
8119
-5517
994
-4424
-3591
-4894
-32
-8447
-4955
-4769
-5913
7875
-8467
-714
-386
-6032
6390
941
6677
8074
4829
9076
7323
1874
6774
-761
954
3000
-5415
-7138
-4786
7841
174
-4164
8740
-3214
2348
-2953
6594
5114
3224
-7876
-89
5792
8407
6418
4689
-2862
-6767
-3862
726
-2571
150
-7729
6339
4267
1981
-4280
-7077
195
-3234
2445
-4693
4011
3257
-954
-6093
-8290
-6871
1237
-7635
7983
9486
-7680
9905
-4646
1069
1314
-7876
-8724
-2636
6194
-7745
-2359
9596
-2957
-856
1660
3002
3803
-9317
-584
7754
8601
-3443
-2861
8219
-4957
-5914
9925
-611
-1688
-8969
-8367
-5388
-8305
-4068
-8827
-9573
-8374
-1439
4758
1161
5865
7309
-4494
-1542
294
5852
-8073
-7633
3798
3585
5312
4417
4203
-340
3079
-8321
2790
-978
-700
-4605
2396
-2210
-7510
8175
4490
-4212
-2296
1758
5292
165
6517
-1918
6555
8986
-5706
7596
4076
-2005
-397
-6715
6432
9739
7575
2950
490
-1216
-8110
5025
289
3641
-2387
-8684
9793
-6021
5728
-1387
3001
-1087
4422
-1417
-2589
3987
9616
-2025
4077
-9173
-1601
-8297
7580
390
5829
-2021
134
-8188
-6875
-6773
-9172
7952
2097
-7778
-4945
9503
9537
7875
4421
1581
3320
-8749
6277
3269
-8148
147
-155
9676
-4212
-4258
-789
-5293
-4942
-6662
-312
-5245
-2117
-9556
1522
476
1418
-529
-7089
-9274
-6574
5358
9768
-3995
6644
-1979
5075
1435
3598
-194
-2199
3581
-8382
2991
9553
-9347
-3131
724
-5844
-919
-6463
3982
9312
4600
815
8422
-1150
-488
-8592
-5393
-2466
8718
4299
9376
-810
6107
1087
9833
4582
-2781
-5815
1833
-2857
-3189
7578
-6043
2978
6444
-464
-2651
3222
3160
1416
2310
-7878
7896
5533
-5897
-7072
-7929
-1463
-9480
-3705
6438
-6
1800
7399
-4133
-6939
5574
1229
-602
-4071
8868
-1187
2249
8145
9264
4813
-4334
-9869
297
-8362
-5780
-8752
-6371
-4242
2319
6856
-2328
385
-7999
6034
-2785
7422
6872
9832
-4309
6065
1068
1863
-6417
-8890
-3599
-5842
-4264
1084
3579
-152
-1384
-5413
-3901
213
-6906
-3869
5633
7489
-2698
752
5141
-2016
-4301
-9873
-6747
107
6451
-5776
3544
-3467
-8705
-2244
-5734
4434
8232
826
6820
-1892
2098
-3484
-9063
-4057
9913
6577
957
2146
-7769
7984
-3359
3052
9658
-2149
7102
2613
-9288
5125
3119
-7363
-6069
-4142
-7782
4456
-3204
-863
4550
5556
-3442
-5722
-5451
-6046
-186
-5510
4718
3822
-5591
-4922
3482
14
5252
8449
-6658
-1717
294
-971
1677
-3522
-4585
135
1831
5026
6472
-376
9177
-1322
-2611
7187
-9367
2548
2163
2028
8262
7516
8749
9238
-4381
3070
9236
-6362
2318
-2307
6849
-7659
9919
-7383
7737
-9906
1023
-9408
3357
-3301
-8509
6791
-3602
4130
-7836
9550
2668
-7605
-7889
6412
-5247
-924
-3048
-257
-1367
1307
-8720
-9457
-8095
-2777
-8480
1135
-5284
8971
2930
-8406
5448
-6020
-7476
9114
-5564
-7889
4736
8963
-6155
-9054
-7142
1290
7834
6065
2511
-5142
-1608
5034
-8604
8618
8305
-8317
7840
6196
625
-2863
7699
-7133
6553
449
6785
1859
-4461
2704
929
9723
-2137
-9881
8382
-6681
-8576
9780
-8704
508
3115
2080
8282
792
2647
-3643
1734
8795
9305
1600
-4540
2288
-3113
-7040
1150
1665
-604
913
-9246
-6357
-4976
5540
1662
3981
1995
6042
-5323
-3591
-8284
337
-5835
-106
-5794
-6900
3525
-8125
9200
-5227
8915
-5512
-181
508
6030
-1182
7044
-7785
2458
-5628
2598
-5957
4171
-8075
-64
-2517
5065
4747
-1639
-4052
4748
-7722
-9658
-8394
-7338
-312
-1193
-5370
-1035
9575
1613
-2377
4904
-4225
-6047
-4407
-2593
3739
1567
-3655
264
6730
7182
9940
-8592
396
5927
9088
-5848
-1326
7696
8826
-9494
6044
7529
1072
7623
3941
7730
-8760
-1227
8947
3897
-3982
-1306
7569
-8656
-5249
-962
-5031
8198
-3377
-4866
9357
-7456
-8003
9387
9240
-1644
171
-4739
-3053
3304
-5588
8220
3397
5859
9987
1201
1306
7365
6446
5976
8615
7125
2591
5964
9122
3518
9059
3291
5398
-8113
2624
-3787
275
-1096
-1273
7928
-9231
2185
-5941
-9254
-3363
4124
-8768
2480
-5088
-2257
4456
-774
-2742
7929
8921
2081
-7831
-3321
-7603
-1374
-6905
1772
-8961
-637
-7036
-1427
1685
-2758
5439
2486
-6733
4500
9940
9234
-3541
8548
-3017
-9183
-85
-7492
8761
819
-5134
-4971
8864
9270
6370
-2640
6160
8349
-7484
3999
8095
-9216
-528
-5044
-4652
6923
2497
-4145
-8365
187
-5274
572
8853
3502
-900
-3070
-4853
-2649
-6169
811
1849
1317
285
-6766
1076
3400
5618
-3324
-5214
-8555
4277
7988
-8145
-1996
-4897
-5103
-244
8974
-180
-3568
2187
-7860
2605
8503
8107
4448
-6505
3450
-7609
1647
-1484
3314
-5155
4166
-2814
4573
-1952
2105
1409
-2112
-8688
9931
7890
-7001
-7820
8238
2423
-1046
-4537
5846
-9065
9637
-9594
1742
-8125
5673
3931
2855
-7328
7722
-5437
-9489
6553
4461
-5279
7341
3559
5444
-2363
-7837
6537
-6818
1356
-3025
5323
-1363
-7225
-5788
-9931
6886
3698
-1439
9520
3216
-9927
-9748
-396
7083
9958
-1515
3425
1176
8592
-9630
9835
-9687
-9610
-7131
-4313
-9343
-8064
7112
-7762
9469
3254
2456
8321
3127
5132
-4818
2068
4321
-1239
-1456
-3095
9590
-2427
1083
-4690
-9868
6665
-376
331
6160
-3647
-5290
-4916
-127
-5032
-8471
5637
4567
-2538
-3663
5990
-1920
-5488
-6350
-3117
-95
854
9754
6218
-2929
-2401
-4335
6886
3706
-8963
-1892
-6155
-6704
-7244
-2193
-8806
-1563
-3517
7334
-7106
-8981
448
-9701
1515
-1025
-5768
1410
-5014
1512
-6991
-478
4800
-6431
8282
7342
6679
-7310
3049
6894
-1685
-2549
-8541
7750
6377
1342
-1917
-9909
33
5795
-7154
6786
3583
-2106
-6341
-7463
7618
-8330
7957
-4792
463
-5258
9196
6397
-2495
-3206
-9240
887
-484
-7219
435
129
-3843
9215
2723
-1429
7307
-6587
-605
1465
8551
2126
3618
1371
-8774
-4871
-1865
1184
6859
-7535
3704
8619
-7869
-9532
5525
-9893
6985
4815
6121
4042
-7250
5689
6937
7780
4194
-26
-2296
4596
-5131
-1220
4535
-6182
-2690
9631
-6373
4199
-5328
1680
-5266
9802
6922
-9145
1161
-1651
-9843
2309
-3628
-2948
854
-8654
-6614
-5782
2247
8394
4985
6593
1441
4613
8304
-8357
-7990
-2139
605
8061
2183
6348
-1668
-3192
6679
4587
3102
2791
-6563
-9255
7865
6457
2371
-8680
3685
-9711
-7294
-7811
6575
-4974
-3919
-1956
765
-5309
2770
2732
-1727
5529
2103
8513
-8196
-3104
7424
-3866
-8307
8193
9157
8899
4398
-2259
4501
6033
-2815
-6312
117
-479
3342
-6735
5299
-5151
7701
-2277
-1616
5610
2481
-4314
-3031
-2404
-5235
-6050
6068
-5576
-3565
2861
5570
5519
5405
8047
-6706
1996
611
6215
-6788
733
-3283
-1846
4029
5086
-9030
8522
-609
-2183
2490
-9439
8937
1950
-4759
-869
856
-3718
-6046
-3184
5810
-7058
-9240
-5207
9856
-2049
3745
-7346
7789
7698
6399
4610
-3762
8864
-180
9605
7823
5996
2524
5267
4013
-387
5136
-4576
6897
2338
-342
-5785
5017
-2984
-3341
3738
-7418
5996
-6556
-6100
-3616
5287
-233
7681
-5027
7014
986
7650
-1732
-6053
2203
1700
-9799
1558
-7399
1751
8442
5396
-2307
-663
9817
-6095
-9909
9145
6135
5893
171
-1949
-2658
5861
1829
-1315
7226
1640
-4542
309
6250
-3486
-7723
-891
3049
-3561
8719
6104
-6975
-7336
4550
6496
7077
7232
-6953
860
5987
-3932
5345
9878
-8272
-2863
6902
-7232
-2133
-3482
7964
-3417
7139
1699
-9784
-9313
-1922
-2137
9856
9003
5526
-3513
-1276
-672
-4109
7271
-2877
9924
2938
326
-9887
-4279
-5445
-1055
-2183
3527
-2892
2701
5348
-5184
-4799
7814
-6192
-935
-8273
-2870
2583
6463
-5858
-3025
-9613
2697
-8797
-5111
6833
7095
-7736
-4383
8997
8197
-1985
9988
-8848
-9949
-7017
-643
4355
-1320
-1881
-4875
-4838
5930
-9880
-3411
4127
-6783
7498
-4922
-7998
7328
9559
453
6554
3929
2144
-479
6460
1854
-9290
9823
-2266
-1168
3390
9389
-4155
5290
6599
2946
3161
578
-9756
-6012
-2992
-1530
-2354
-8738
9718
-6210
-9929
-6243
-9936
-5889
-7956
7134
-5667
2918
3131
925
-4159
1030
2224
-7055
5259
8879
-3821
1612
3834
3555
-1859
-5148
-5127
1288
6887
-2058
-4541
4725
51
3411
-3933
2947
4530
4493
3270
4741
4036
-8005
-9749
4356
-6243
4793
-8897
-1096
-4435
7641
-7312
-3688
5915
-2990
3544
-8037
2791
-2818
6197
685
-1813
-3303
735
576
8602
-1535
-2583
-28
-6621
-9682
4670
9064
-6952
-9685
434
5785
5797
1662
-7344
7129
-4275
8812
-1789
7327
6835
910
7976
-3713
-3573
2695
-245
5338
-4156
687
-3054
8902
-5466
-4596
-9260
1008
5883
492
4586
612
-2646
-5084
-4764
7106
1265
-7778
2242
-6992
1787
-130
-2537
-7961
1813
-2724
-9117
9138
8236
-8662
-244
-3794
-1906
-6638
-795
-5991
5208
-9759
7575
-5518
6341
3055
-5284
-9281
4486
3569
9856
-9201
6846
481
-8060
-5878
2853
-8332
-4762
8651
-4347
-7197
5698
8331
-472
-963
-9462
-3638
-5025
5671
-1632
4910
-4263
-459
8152
-3996
2814
7227
-7296
2240
-6199
6590
6620
2570
8579
7698
8153
-9882
6698
-9110
-8780
6006
-6981
-8451
-761
-710
6438
-4483
-4809
-7443
8327
2189
9249
-5760
7125
-3816
-4496
-8695
-2066
-2166
-9684
1867
-6316
5852
4132
5244
-672
-1726
3423
-1441
-4352
2411
-7976
3395
-9164
5582
7702
4335
-1676
-3779
-4351
91
-4654
6705
9925
4342
6104
327
-3449
-166
5948
-8553
612
-6318
8777
-1548
-2288
-3912
8602
-7182
5059
-6267
-1646
8589
9208
354
478
-6549
9559
-5506
-5162
4779
9392
-6739
-3515
-8335
-6456
-921
-9403
-7352
3261
9330
-6662
7220
-4368
3985
-7044
-8862
6646
1702
6591
2725
-9737
2546
2758
-3864
898
-810
241
-9229
-5690
-6477
2625
-6932
-8427
8316
-2799
-3948
9393
-1753
9437
-1199
6740
786
8769
9342
7811
-5182
3406
527
-5620
-4813
-7398
106
7314
6421
1656
2803
-1411
9435
-5112
-358
9542
-665
6639
7998
-6272
6397
-9733
8797
-5047
8105
3064
-6187
-3319
3008
-9360
-6944
5928
6627
-2594
-7126
6000
-4487
-6450
4544
-5807
-7660
-2011
-8585
2017
-5586
6304
1080
-4201
-4335
-2580
-2022
3601
8966
2867
-6127
7683
-8968
6801
8687
-3858
7585
109
7620
-4385
7379
-3467
7934
-6088
-4811
-51
-9125
599
-5815
4788
9064
3435
766
-7829
-3946
9450
4139
5657
8608
-7914
-7052
-76
-8941
-7626
1379
3525
6314
-450
5632
4754
1714
-6361
1731
4900
-4600
5179
-6593
2707
-782
4248
9630
-6274
-3438
4328
-5897
5368
4744
8631
-7905
-1413
-5473
-4155
8480
1963
4134
3235
-674
-6380
-2247
5540
8750
3230
2316
4795
-960
2070
-8082
-8992
8438
-2772
4054
287
-1459
2218
-8162
1910
-314
-5340
-8097
8056
9801
-6046
-6832
2739
4579
283
-3217
-9662
6440
-1316
5950
153
-85
6973
-6678
-3654
3262
2924
2712
5472
-733
-3501
-7805
8508
9586
-5232
-1564
-9471
-4347
-3375
9339
-1199
387
-128
8065
-2867
7773
2261
-8603
-7295
1592
7058
-2676
-1383
7140
-4198
-1344
-9754
4412
-2087
-5827
3034
6729
-475
-3053
9252
-3545
11
5760
4758
-653
-7704
-3340
8853
5001
-4618
1025
9611
-369
7145
-8930
-9095
-7028
-6831
-5059
2298
3035
-2942
-3875
4591
9604
-1493
-7125
223
9396
-5631
-1283
-282
5424
-8011
4242
3182
3880
3561
6952
6144
-778
755
-9411
-2778
7576
1183
1443
2999
-3914
3355
469
-8318
-3230
-91
-153
4226
7948
4757
3611
-5175
-6625
-3613
3115
9515
-7601
7565
9204
7149
2680
7854
8563
-1359
7776
-4546
3699
6538
-5653
6871
-1277
3922
-51
-7488
-2008
-7403
9851
-2016
6876
-8233
-797
285
1276
206
2758
5440
3247
-8560
4914
5584
3766
298
-743
-7104
3981
-6198
-3147
198
6154
-12
-5669
-2155
6609
-528
-456
4195
1704
9050
-444
7539
5103
-620
1474
-9174
2187
-9371
-5888
7731
9665
1667
3332
9036
-4088
7241
9318
-1917
-7185
-8966
3116
2294
1826
8676
-3446
2101
-8001
9601
4696
630
-3371
-944
-7369
3488
9082
9788
2791
3179
3476
-8942
-2729
7856
-794
360
-8326
-6629
-5459
-4740
-5973
-771
-4983
2497
-7319
9414
-7704
-3129
4553
-2712
7627
-8042
-8690
-1184
-4031
-4523
-3555
402
-6835
3493
-9148
6669
-5799
-4190
-7959
2719
-7579
-3
2692
-3751
7806
8761
1592
-504
741
89
4649
6944
7346
5878
4067
1337
-9281
-1321
7966
8351
-1753
26
5690
1133
-857
3341
6208
9418
3485
9701
2365
-2072
-3402
7737
6838
-6354
-5623
1038
1313
-6122
5919
-4240
3125
8044
8686
-1776
-6595
-4480
-8602
7245
-1629
3053
-8601
-9884
-8779
-8117
-8232
3632
9368
-3140
2098
5107
-9418
6967
-5172
-3347
-3102
-5596
6233
-1745
2098
-6379
-8476
-6587
2752
-4644
4301
2775
-4888
5058
5718
8459
-4184
-3291
-4298
-7148
-715
8386
-4421
2946
-8563
-8310
-7086
4150
8535
-234
-4163
-9597
-7447
-8187
1806
4352
4989
5051
6647
-7968
-7899
-8196
-6770
1391
-8933
2103
-7335
8279
262
-7015
235
9166
7576
3541
6455
-8223
-3917
3816
-8343
-2151
-728
-8564
8340
-4087
1703
9235
7760
7365
4175
-2248
-2022
-4833
7876
5217
5264
-2725
-3028
6354
7880
-61
51
5544
2283
-4148
1281
-7362
7087
9079
-865
3804
2283
5660
-3461
-2214
4361
-7581
1684
1240
2765
9687
4169
1261
6448
8293
-9303
-6536
-3692
-9929
5724
-7384
113
2841
505
1153
6972
7024
-751
-6208
9756
-2367
6721
22
-291
-4897
-7305
-8012
-6065
-3922
2571
-3165
2132
-8583
-9374
3955
1282
8648
2237
-9534
-4785
-6087
4632
1157
6412
-2298
3034
-2926
3946
3559
1491
-8224
-6621
7369
-6650
-3738
-1500
2961
-1391
4424
3203
6908
-2028
1190
-9166
-4674
-3748
6342
-3184
-8498
-4179
-2752
-8745
408
633
4738
-541
1229
3442
2324
9193
-1970
-3482
-7515
-4378
-6830
-5160
-1940
2260
-7354
9481
-5251
-5016
-4835
524
-3251
2786
3121
-5173
-464
2425
-1366
-8210
-4132
3304
4446
-8922
-9179
-8462
-3651
-9850
-1676
8644
2059
-2979
2906
5836
-3039
-4571
-966
-6132
2534
-8940
-7710
-844
-8517
-4022
-3937
-4435
3936
9267
-6541
2080
2298
-5948
-1928
9306
7871
551
661
6331
1798
6132
5396
1229
2870
-6083
-3315
911
3852
42
6763
-207
-3151
3635
-2598
7084
-3779
1081
8387
-5388
-9446
-2716
-7433
2870
-5763
8519
-1237
8561
7796
3780
-4172
5556
2347
-8338
5886
-6538
6684
-2292
2925
-2870
-8670
-532
6138
5926
2119
-9638
8280
-8932
3689
8138
878
-522
591
-6724
-5572
-9531
-2670
7071
-4284
-3450
-8510
-5557
7910
4091
45
-3602
-9629
8264
7704
4223
6452
-5920
2547
-5747
7009
-6643
8631
7289
-6776
4185
4425
-8867
6851
-5444
6901
4609
-7901
5031
-1636
-3139
-2291
5139
-8874
-6995
-6553
-1453
-4085
8345
9044
9888
7651
-4009
-5972
7018
663
-5990
-4247
-8882
-8356
-8
-5384
9414
4955
-5136
-3389
8889
5212
-9010
-6777
-2136
8922
-9754
-2558
-4548
-5432
-8360
342
-8196
7457
-1259
5315
-6634
-9050
-8479
-1024
7574
2838
1532
-8975
6770
7234
-7494
-1637
4639
-9241
-6293
-4717
3564
1846
6491
2303
-3309
1167
1825
791
5313
-9179
8496
-7981
257
8152
-9161
-2484
7551
-6993
8159
-6705
-973
-2644
4190
-4921
324
-6225
7850
-441
-3198
8558
-3321
4211
-9015
409
-4806
4532
6193
-5681
-893
2783
-9030
-4238
-373
-7240
-1372
-1917
-6382
-1763
4535
1360
-2336
-5184
-2075
5682
-5590
-3625
7984
6296
-2397
9190
9888
-7006
8393
5442
-8390
-6364
2008
-2330
2311
-8824
9033
-7306
1857
8267
-4685
7871
8422
-4974
480
3907
-3478
-9513
-6013
-4500
9878
-3812
-3050
476
9405
4355
-7847
3739
-4344
-3701
5581
-2261
-2392
8343
-6108
-3233
-4756
8363
-2856
9903
3813
-5139
-6766
-9908
1860
7931
-25
-7843
7443
7987
-2336
-3555
718
-1239
7051
2070
-5365
-34
-5433
516
9015
7682
-4979
7721
8815
-4265
6842
2567
3779
5137
-7681
-7650
5756
7820
-1692
-2150
7912
6469
-7333
-6679
-2852
-120
8579
8831
-8590
-1345
1975
-8789
-2268
-6710
-7529
-8790
-1954
-1895
-4364
878
4265
6424
-2538
9106
-1555
1177
-662
1204
964
2006
-3482
8211
-5639
2419
-1997
-5100
-4231
2120
-8475
2652
-3431
8648
-405
4689
2545
-4373
-8613
-8953
908
-1133
-5400
-2210
-4754
8149
3582
4295
5490
-1444
4230
-1072
2021
-7297
2868
-1160
1105
-7988
6902
1023
3049
3321
-9834
-9901
-8969
6392
8406
-2483
-9589
8585
-8523
711
1457
8194
-9426
-1651
9835
-905
9506
2837
-1699
4291
1651
-7471
-8384
7712
-2169
-1918
147
-9288
5225
1819
-2727
-638
-3612
8987
-5255
7040
-2749
8984
1889
-1889
-7279
-2090
-4571
4206
6485
8042
-126
-8406
6784
-7798
-7688
-5299
7403
2080
9712
7496
6089
5481
-563
-2047
-1951
7251
7329
9776
-9961
4103
2724
-524
-6009
3508
1795
-420
8906
-9283
-5957
-2341
6589
-8455
-5362
-5705
3807
-7902
7923
-9189
-4908
6084
-2174
-9545
6737
8355
8568
-1402
-603
513
8706
-1565
-4737
-2264
-7178
-113
-2029
3992
-9181
-3747
-8612
-7210
-6693
6553
7165
6273
744
6952
-4461
-5621
-6151
-6401
-3722
177
-4646
-5759
-2751
3456
5075
-155
-3732
7242
-927
5647
-1368
4842
217
7215
-9629
-564
5015
6819
950
-6381
5305
7838
794
1465
7417
-8344
4613
-3219
-4669
7884
2129
-8802
-2512
1501
8183
2541
9227
-3371
204
-1698
8942
4734
3415
-5570
-5486
-7167
6888
4342
-8610
2398
1945
-3553
2225
8682
2945
1616
2627
-1002
-4041
-3987
1034
-6161
1822
9651
2595
8025
1039
9626
-6595
6562
-658
-1701
-1803
-3333
3913
5317
178
5823
-19
-9145
4935
4845
-5248
-5011
-3202
-2560
4934
-8684
4339
4577
6663
3560
-375
2338
-6391
5163
-8414
-9807
441
7089
-9344
8830
4980
-4228
-9924
6774
-1918
2592
3153
-5678
4159
-8834
-1882
5859
2967
-3282
5723
-1572
-8992
691
-1940
-8629
8392
-5443
-550
-8556
5734
-6951
-9416
-8425
-1552
1844
-4532
6756
-2225
-3271
-6194
2705
9617
9263
745
-1243
3017
-9962
9799
185
7105
-1009
8041
-14
-3744
-9034
7084
8831
3343
-242
7009
-8979
2343
8580
8727
7119
198
1308
1566
-3481
6453
-9139
3585
-342
-5537
-2029
-125
-146
6428
-7743
-9413
-7041
4548
-6875
1252
8438
4329
-9674
-3153
443
-9972
1775
-1865
9915
-8604
5020
6160
-7238
8837
-331
5237
-1482
3200
-6283
-2950
-3629
7585
-9688
4891
-6910
-3011
3064
-740
3249
-2914
-3972
-7490
-5582
-9767
8454
-5642
8672
-9725
-9914
-5966
7165
-1746
4763
1900
1674
-599
564
2027
-9028
-7608
4987
1020
5981
-9353
6817
-7658
-450
-6757
4536
4994
6782
5281
-819
284
4914
7896
1748
1945
-7362
369
9457
-3317
9096
-1626
5219
-7435
7022
-3715
1514
-677
8886
8432
5357
-9588
2645
-6328
5693
-4221
4412
3171
-2844
-2696
-2226
6491
-2624
8585
-2053
-6118
-3686
-151
-2050
-7625
-3103
-9089
1431
1331
8860
-5257
1303
-6007
3406
-2743
-8693
-9582
385
5777
445
-6991
3468
-4020
-6159
-8365
-477
-637
-6503
-1417
7374
-6582
140
1027
-3993
3341
-3164
-1562
-1447
8372
-2664
9548
7985
-490
-6851
-7576
7002
-8022
-5379
3149
-7356
-4755
2813
966
2842
2166
2557
9615
6634
5935
-6332
7216
-5974
1351
-1725
250
-8867
1953
-9669
9544
-7621
-3774
4589
-2435
-5848
-7353
-4261
3530
3520
-9217
8417
865
-104
-8806
-5239
-5676
4200
-3151
3698
4124
-4212
-9988
-7708
-3396
-9529
-5762
-5776
8686
-785
8416
8384
-5670
1208
-3299
9892
3122
-6564
2477
-5647
-7706
-9977
-7655
-7629
5052
2061
-4293
-7441
-8152
-3788
-9158
-208
8417
-6760
-1353
-1032
6280
-8171
-6329
7591
-6838
-4256
8712
9232
6932
-7550
-8592
8803
8745
-6856
-5239
7981
-3867
1067
1279
-320
6838
7394
5452
1277
8205
-6329
8197
1389
7286
1155
-8133
1481
-9163
-7715
1546
-1321
-4102
2437
-9395
4769
-5000
7024
7905
-2364
908
8247
-5790
895
5743
-4884
-8518
-1931
2668
-3432
-6275
4556
1122
7345
1442
3950
-9112
-6988
8679
-9586
6963
-8322
8739
-2519
5822
-385
3686
7815
7545
4630
-5361
772
3184
885
-7123
-7212
-425
7526
6045
-9802
7266
5853
-6971
5389
-7197
2953
-942
1651
-3357
8900
8325
2439
-6357
4688
3296
6162
4844
4180
1010
-8551
2137
-797
8695
-9587
4441
7545
2608
-1444
8590
-7321
1926
-6436
-6308
-7582
5726
4730
-1342
9208
336
-2484
-3253
-9554
-6671
9831
-8700
3040
-1188
8786
991
-674
-513
-1498
-1541
631
-5385
8239
-5275
5392
7674
-6716
-2742
3768
-5589
9708
-4011
-3717
-4903
1720
9864
6467
-2734
-8958
-3200
6442
-4141
-3404
-5182
9215
-5259
-156
-3526
6851
-3826
6156
2385
7511
-1573
2205
2893
-7464
-6578
6078
9202
-5586
8751
6492
6198
-7584
8538
1421
-2197
6082
-8377
6481
-6355
-6903
-1944
-1988
-6880
-9229
-5873
5005
-7339
7791
-8760
-8668
1373
4391
-5674
-5468
9406
2961
-7083
-6054
-8732
7882
48
-892
-9658
3273
-3543
-361
5571
1539
1555
4478
9367
3970
5889
4289
-389
6550
-4520
-5446
-1137
3556
-4486
1622
9018
-6230
-3596
-4306
-5271
3082
-1946
3400
-72
7559
7042
-7101
1146
-3267
4267
-6232
-6051
8748
8100
-5984
4867
9314
3631
8441
9070
8557
-8497
-3550
-1738
8543
3071
6753
4176
-392
-9138
-1266
-3178
-1102
805
-2994
4930
2151
5306
3138
655
8341
-6014
-1190
-6247
-9157
4247
-3546
-3619
-4482
-446
1237
2348
-4233
-6255
-995
9212
6432
4660
4748
7605
-562
8714
2907
8761
-3025
7995
4368
-1345
-3937
9854
7061
4248
-6524
-6432
8525
-7405
4535
6571
-226
-6321
-6249
7813
2080
-4967
7182
593
4938
-6039
7388
-5908
3615
4862
6934
5418
620
2643
-1
9968
-1666
-5626
-33
7860
-4538
-4821
1557
9150
3275
-8020
-8790
3426
3750
-6748
1406
-9712
5232
-7543
919
2431
-8287
1487
-981
-8294
-5705
910
7808
-1063
-5714
-4771
9003
-5919
4568
-9964
-8307
9786
3902
8178
-6627
4751
-5854
-6383
8194
-8310
86
-8256
2779
7881
-1917
5347
-5326
-4206
4740
-1007
817
-7336
-4052
-8297
7286
7510
-4466
-8104
-9383
963
3889
3228
-9822
4574
9772
-9587
2235
5149
6739
-8393
-6274
6288
2820
-2537
7894
6285
-8728
9060
-6099
2321
2315
-17
9277
-462
9733
9692
3776
6133
2318
8470
5794
-1037
-7919
5318
1718
4484
-6607
-9705
8138
-9278
8919
7948
7376
7868
-8524
5014
-3170
-720
7745
-4283
5779
-3055
11
-7134
-4641
-739
-122
-244
5661
-9498
-2914
-2042
-2374
4016
-133
-7462
9619
7509
-9735
6746
5931
2418
-4840
3757
4207
-8405
8533
459
-9069
-163
5531
9042
5634
428
-5778
1560
9957
1678
-7081
1286
-8997
6302
8350
-9058
4193
6804
4607
-2626
8735
-3226
9119
2839
4433
-9905
-5046
-909
6481
-1571
-2646
8599
-1772
-5550
-6114
9658
1829
9874
-1906
-6247
7618
3009
-9939
-1490
-188
8240
4119
-246
-8835
3382
-8585
-6917
-7576
-9558
-4846
3948
-5950
2718
-490
41
-7384
-8439
-2932
-2292
1599
2231
-6254
-2872
-6383
8862
949
9472
6872
-2598
-4372
8126
9770
-6132
-1364
9663
5213
-6363
4577
-4855
-8918
-6899
6156
-1723
-3401
-4325
-1970
-1806
9885
-5683
-3246
4157
5616
-8793
-3173
5655
8814
6305
3040
-244
2924
-1552
-9314
8615
426
4623
-9940
9302
-7371
-9478
-7891
-4916
-5107
-6222
5616
-6449
1963
-2225
5672
6600
8982
-9420
4779
-5405
-1353
5976
-3077
8801
-4327
3737
-7826
7521
-3441
-740
-861
-9949
-2274
-3593
-2648
4110
5476
7371
3497
-7927
9386
-1865
4071
-6204
6407
236
-7030
6283
-4717
-5114
4554
3557
-8148
8245
-890
-5928
-5014
7162
-4066
-9629
3942
-484
-812
-8077
-8198
-2535
-773
-3450
9410
-5920
2753
-4099
-9897
-4435
4198
-7922
-8200
3035
1501
3409
2504
4303
4268
-8044
-1458
-358
-1279
4740
1900
5079
2838
-3258
4644
2797
-9829
-3329
-1717
2944
1530
7366
5332
-4466
-2326
-7147
7180
8590
-986
373
3316
5624
-3851
1785
471
1954
-9447
8934
-5310
1472
-2717
4020
4494
3354
6735
-2584
-3013
-1267
9619
7869
-2718
-7540
-3948
8575
7238
5581
-7731
3749
-2146
3711
862
-1477
2002
4622
-9874
-1456
6791
-7281
-5575
8227
-4211
7414
1716
-4012
1481
8640
-3191
3325
-5452
-245
-9478
-1947
4022
9109
-5212
3510
7586
-4227
-1388
-1540
-4233
9630
9765
-8405
2795
-7690
9687
-9168
6933
4121
861
2897
-9930
-9558
-4778
7836
-3451
-6695
8511
5531
6281
2122
-929
3540
-7669
-3325
5785
-1533
7441
801
-4102
1966
-4421
-1276
4073
8036
1962
2404
-5492
-9490
5226
8996
6196
-2567
4791
-2808
3368
-833
5220
2314
120
336
9842
626
7655
3141
-6217
-4821
-2579
-2077
8775
5052
-2872
-3514
4942
-2597
-342
-6299
5269
-7645
-8073
4563
633
-3588
59
84
-4892
533
-5168
2435
704
2806
909
7474
-7154
1800
-6598
-8377
-3136
1505
6893
-5166
1877
698
6494
-4626
5303
-5849
5726
-887
7481
-3197
9708
2399
-4814
-6515
9628
5305
600
-2460
-7806
704
-7228
-8215
-2447
2891
-5775
8952
1913
508
-1540
3920
-9497
6957
7947
984
3681
3872
-953
4509
-3348
721
-9550
-230
5957
2970
4647
3927
-6406
6216
1461
7353
-7956
7062
-8795
7141
-5616
-7790
9927
2271
-2529
-3971
5632
7455
6452
4758
-1537
5923
-3239
1098
1651
91
6676
6632
2115
-9411
2096
-9439
-8473
2821
-8219
1187
-9741
-7713
-2677
-7805
617
5258
-6580
-1237
-6023
-1862
-9467
1044
6543
39
4206
-2386
9622
-5179
1942
3708
19
-9320
5390
3789
-9983
3674
2324
2234
-3512
6072
-9603
-3326
9111
296
-5391
3084
-1752
-525
-9036
4660
1026
5520
-7485
9781
-7594
1263
-2181
9655
4036
-9257
5117
8674
-46
-9076
-3443
7667
-4977
3210
-1558
6870
-8064
7940
7962
1049
124
-260
-530
-8373
6249
6014
-2822
-7600
9260
-581
3440
3622
-1566
5257
4764
-8089
5546
-4743
7425
1318
-7042
-287
3729
6679
9180
1622
8246
-4675
7304
1705
-3863
2389
-6871
5646
1352
2823
7068
-4596
-3759
5017
-5789
6488
-8416
-5555
-203
-800
9556
-7809
-9280
8002
-3737
-8731
-3937
