9743
1901
-998
-997
-996
-995
-994
-993
-992
-992
-991
-990
-982
-978
-976
-976
-976
-973
-970
-966
-966
-965
-961
-961
-959
-950
-945
-944
-943
-942
-942
-940
-937
-936
-936
-932
-932
-930
-929
-928
-925
-924
-920
-919
-918
-914
-912
-912
-907
-906
-906
-906
-904
-898
-898
-896
-893
-893
-892
-890
-890
-887
-887
-886
-885
-884
-884
-881
-881
-879
-877
-875
-873
-866
-865
-864
-862
-861
-858
-858
-856
-854
-844
-838
-837
-835
-835
-835
-835
-834
-828
-827
-826
-825
-822
-819
-817
-815
-815
-815
-814
-814
-812
-812
-807
-807
-807
-803
-797
-796
-796
-795
-795
-794
-790
-790
-789
-787
-785
-784
-782
-781
-777
-775
-774
-774
-772
-768
-768
-765
-764
-761
-754
-753
-753
-753
-753
-750
-745
-745
-744
-744
-743
-743
-741
-737
-734
-730
-730
-724
-724
-723
-721
-721
-719
-718
-717
-717
-716
-715
-712
-710
-709
-702
-700
-698
-698
-694
-692
-687
-686
-686
-686
-685
-678
-676
-676
-670
-669
-666
-663
-658
-654
-652
-651
-649
-639
-636
-628
-624
-623
-620
-618
-617
-615
-612
-607
-606
-605
-605
-600
-598
-596
-596
-595
-587
-583
-580
-579
-578
-578
-578
-578
-576
-573
-573
-567
-564
-564
-559
-557
-555
-555
-554
-553
-551
-549
-549
-546
-546
-545
-543
-535
-534
-531
-529
-528
-523
-522
-522
-514
-513
-512
-510
-503
-503
-499
-497
-496
-496
-494
-493
-492
-492
-492
-491
-491
-489
-487
-483
-481
-479
-478
-477
-475
-469
-468
-468
-467
-463
-459
-458
-455
-452
-450
-446
-444
-434
-434
-432
-430
-429
-429
-429
-428
-424
-422
-419
-417
-417
-414
-413
-410
-409
-409
-408
-406
-405
-403
-403
-402
-399
-393
-389
-389
-387
-382
-380
-378
-378
-377
-375
-375
-373
-368
-367
-366
-360
-358
-354
-353
-353
-352
-352
-350
-350
-350
-348
-341
-340
-340
-337
-334
-334
-333
-333
-330
-329
-329
-326
-323
-321
-319
-316
-316
-314
-314
-311
-311
-311
-310
-305
-304
-302
-300
-298
-298
-295
-294
-291
-285
-285
-285
-282
-281
-279
-279
-276
-276
-274
-272
-272
-272
-270
-268
-267
-267
-266
-265
-264
-261
-257
-256
-256
-255
-254
-253
-248
-244
-242
-241
-237
-237
-236
-235
-234
-228
-227
-227
-223
-222
-220
-220
-219
-218
-218
-217
-216
-215
-214
-212
-210
-208
-207
-206
-202
-202
-201
-198
-198
-195
-193
-191
-190
-182
-181
-177
-176
-176
-174
-172
-171
-170
-170
-169
-167
-165
-164
-164
-164
-161
-161
-159
-157
-156
-156
-154
-154
-153
-152
-149
-149
-149
-149
-145
-142
-139
-137
-136
-132
-132
-130
-129
-126
-125
-122
-118
-117
-115
-115
-113
-112
-111
-111
-110
-109
-108
-108
-107
-101
-99
-97
-97
-93
-91
-91
-91
-90
-89
-88
-86
-85
-81
-81
-80
-80
-77
-75
-73
-72
-71
-70
-70
-68
-68
-67
-66
-66
-65
-62
-58
-58
-53
-51
-47
-43
-36
-34
-34
-32
-31
-23
-19
-17
-10
-10
-9
-7
-7
-5
2
3
4
6
7
11
14
14
19
23
24
24
25
25
26
29
31
37
41
45
47
49
49
51
51
52
56
59
59
59
59
60
60
65
66
68
68
70
71
73
80
85
89
90
93
93
93
96
103
104
106
107
110
110
112
117
118
118
129
130
131
132
133
133
136
138
141
143
146
147
149
150
156
159
160
161
163
165
171
171
176
179
180
184
184
188
189
191
193
195
198
206
207
208
209
210
215
216
219
220
221
226
229
230
233
234
237
237
237
239
242
243
243
245
248
252
253
255
258
261
261
263
264
269
270
274
275
275
275
277
280
287
287
290
291
293
295
296
299
301
303
304
309
309
309
309
310
313
316
322
322
324
325
329
338
338
338
339
344
344
344
345
346
346
348
348
352
356
358
359
366
369
376
381
382
383
387
393
394
394
396
398
399
404
404
405
408
410
412
414
419
420
422
422
426
431
432
432
432
433
437
437
440
441
445
446
448
448
449
452
452
453
454
454
456
458
458
459
461
463
464
464
467
473
477
481
482
483
484
485
486
490
491
496
497
497
497
499
506
507
507
509
513
515
517
518
520
521
522
523
527
528
530
531
531
534
536
538
542
542
543
548
548
550
551
551
557
558
559
559
560
562
565
567
570
570
574
575
577
579
579
587
588
591
593
596
602
607
610
611
615
618
620
626
626
640
644
645
650
654
656
660
663
666
666
669
670
671
673
676
679
679
683
683
689
690
692
693
694
694
697
698
699
701
702
707
708
709
709
712
713
715
718
719
720
722
724
729
730
734
737
738
738
738
740
741
743
744
744
745
746
748
749
753
753
753
754
757
758
759
762
765
766
768
772
773
776
777
777
783
784
787
789
795
798
798
801
802
804
804
807
808
809
811
812
813
813
818
821
823
823
824
827
828
834
835
835
837
841
844
845
852
853
853
857
857
858
860
860
861
862
864
877
879
879
880
882
885
885
886
887
898
902
903
903
903
904
910
910
912
912
914
915
916
920
920
922
928
930
934
935
935
936
936
941
944
946
947
948
952
954
959
960
962
965
971
972
974
974
975
977
980
983
986
987
989
990
992
994
997
998
1125768128
